#                                                                                             --- full sequence ---- --- best 1 domain ---- --- domain number estimation ----
# target name                                      accession  query name           accession    E-value  score  bias   E-value  score  bias   exp reg clu  ov env dom rep inc description of target
#                              ------------------- ---------- -------------------- ---------- --------- ------ ----- --------- ------ -----   --- --- --- --- --- --- --- --- ---------------------
VITVvi_vZin03_v1.1_P151.ver1.0.g270680.p01         -          LRRNT_2              PF08263.17   1.4e-17   62.7   9.4   3.1e-10   39.2   1.0   3.0   2   0   0   2   2   2   2 | SP+TM
VITVvi_vZin03_v1.1_P304.ver1.0.g372350.p01         -          LRRNT_2              PF08263.17     5e-15   54.5   0.2   1.3e-14   53.2   0.2   1.8   1   0   0   1   1   1   1 | SP+TM
VITVvi_vZin03_v1.1_P133.ver1.0.g248510.p01         -          LRRNT_2              PF08263.17     1e-14   53.5   1.2   2.2e-14   52.5   1.2   1.6   1   0   0   1   1   1   1 | SP+TM
VITVvi_vZin03_v1.1_H000169F_007.ver1.0.g157590.p01 -          LRRNT_2              PF08263.17     1e-14   53.5   1.2   2.2e-14   52.5   1.2   1.6   1   0   0   1   1   1   1 | SP+TM
VITVvi_vZin03_v1.1_P40.ver1.0.g410000.p01          -          LRRNT_2              PF08263.17   1.1e-14   53.4   6.9     3e-14   52.0   6.9   1.8   1   0   0   1   1   1   1 | SP+TM
VITVvi_vZin03_v1.1_H000043F_008.ver1.0.g080940.p01 -          LRRNT_2              PF08263.17   1.1e-14   53.4   6.9     3e-14   52.0   6.9   1.8   1   0   0   1   1   1   1 | SP+TM
VITVvi_vZin03_v1.1_H000182F_002.ver1.0.g162250.p01 -          LRRNT_2              PF08263.17   1.1e-14   53.4   1.4   3.5e-14   51.8   1.4   1.9   1   0   0   1   1   1   1 | SP+TM
VITVvi_vZin03_v1.1_H000182F_002.ver1.0.g162270.p01 -          LRRNT_2              PF08263.17   1.2e-14   53.3   1.1   3.8e-14   51.7   1.1   2.0   1   0   0   1   1   1   1 | SP+TM
VITVvi_vZin03_v1.1_P58.ver1.0.g464850.p01          -          LRRNT_2              PF08263.17   1.4e-14   53.1   0.4   4.3e-14   51.6   0.4   1.9   1   0   0   1   1   1   1 | SP+TM
VITVvi_vZin03_v1.1_P27.ver1.0.g352250.p01          -          LRRNT_2              PF08263.17   1.7e-14   52.8   0.7   1.7e-14   52.8   0.7   2.7   2   0   0   2   2   1   1 | SP+TM
VITVvi_vZin03_v1.1_P307.ver1.0.g372960.p01         -          LRRNT_2              PF08263.17   1.9e-14   52.7   7.8   3.5e-14   51.8   3.4   3.2   3   0   0   3   3   1   1 | SP+TM
VITVvi_vZin03_v1.1_P444.ver1.0.g426740.p01         -          LRRNT_2              PF08263.17   2.2e-14   52.5   0.4     7e-14   50.9   0.4   1.9   1   0   0   1   1   1   1 | SP+TM
VITVvi_vZin03_v1.1_P53.ver1.0.g456550.p01          -          LRRNT_2              PF08263.17   2.3e-14   52.4   0.6     8e-14   50.7   0.6   2.1   1   0   0   1   1   1   1 | SP+TM
VITVvi_vZin03_v1.1_P240.ver1.0.g338720.p01         -          LRRNT_2              PF08263.17   2.8e-14   52.1   1.7   5.6e-14   51.2   0.2   2.4   2   0   0   2   2   1   1 | SP
VITVvi_vZin03_v1.1_P572.ver1.0.g463470.p01         -          LRRNT_2              PF08263.17     3e-14   52.1   0.6   8.6e-14   50.6   0.6   1.9   1   0   0   1   1   1   1 | SP+TM
VITVvi_vZin03_v1.1_P129.ver1.0.g242950.p01         -          LRRNT_2              PF08263.17   3.9e-14   51.7   7.3     2e-06   27.0   1.7   3.0   2   0   0   2   2   2   2 | SP+TM
VITVvi_vZin03_v1.1_H000162F_003.ver1.0.g155310.p01 -          LRRNT_2              PF08263.17   3.9e-14   51.7   7.3     2e-06   27.0   1.7   3.0   2   0   0   2   2   2   2 | SP+TM
VITVvi_vZin03_v1.1_P107.ver1.0.g216980.p01         -          LRRNT_2              PF08263.17     4e-14   51.7   0.1   9.9e-14   50.4   0.1   1.7   1   0   0   1   1   1   1 | SP+TM
VITVvi_vZin03_v1.1_P108.ver1.0.g218440.p01         -          LRRNT_2              PF08263.17     4e-14   51.7   0.1   9.9e-14   50.4   0.1   1.7   1   0   0   1   1   1   1 | SP+TM
VITVvi_vZin03_v1.1_P175.ver1.0.g291210.p01         -          LRRNT_2              PF08263.17   4.1e-14   51.6   1.1   9.7e-14   50.4   1.1   1.7   1   0   0   1   1   1   1 | SP+TM
VITVvi_vZin03_v1.1_P22.ver1.0.g327620.p01          -          LRRNT_2              PF08263.17   4.8e-14   51.4   0.2   1.3e-13   50.0   0.2   1.8   1   0   0   1   1   1   1 | SP
VITVvi_vZin03_v1.1_H000075F_002.ver1.0.g111860.p01 -          LRRNT_2              PF08263.17   5.2e-14   51.3   0.6   5.2e-14   51.3   0.6   1.8   2   0   0   2   2   1   1 | SP+TM
VITVvi_vZin03_v1.1_P69.ver1.0.g486630.p01          -          LRRNT_2              PF08263.17   5.2e-14   51.3   0.6   5.2e-14   51.3   0.6   1.8   2   0   0   2   2   1   1 | SP+TM
VITVvi_vZin03_v1.1_P249.ver1.0.g341380.p01         -          LRRNT_2              PF08263.17   5.5e-14   51.2   0.4   2.5e-13   49.1   0.4   2.3   1   0   0   1   1   1   1 | SP+TM
VITVvi_vZin03_v1.1_P574.ver1.0.g463780.p01         -          LRRNT_2              PF08263.17   5.6e-14   51.2   6.9     9e-14   50.5   3.5   3.1   3   0   0   3   3   1   1 | SP+TM
VITVvi_vZin03_v1.1_P273.ver1.0.g354170.p01         -          LRRNT_2              PF08263.17   5.7e-14   51.1   0.3   2.5e-13   49.1   0.3   2.2   1   0   0   1   1   1   1 | SP+TM
VITVvi_vZin03_v1.1_P53.ver1.0.g456560.p01          -          LRRNT_2              PF08263.17   6.2e-14   51.0   0.1   1.7e-13   49.7   0.1   1.8   1   0   0   1   1   1   1 | SP+TM
VITVvi_vZin03_v1.1_H000332F_002.ver1.0.g188040.p01 -          LRRNT_2              PF08263.17   6.9e-14   50.9   0.4   2.7e-13   49.0   0.4   2.2   1   0   0   1   1   1   1 | TM
VITVvi_vZin03_v1.1_H000001F_033.ver1.0.g006390.p01 -          LRRNT_2              PF08263.17   7.3e-14   50.8   0.3   1.8e-13   49.6   0.3   1.7   1   0   0   1   1   1   1 | SP
VITVvi_vZin03_v1.1_H000091F_004.ver1.0.g121840.p01 -          LRRNT_2              PF08263.17   7.6e-14   50.7   0.1   2.5e-13   49.1   0.1   2.0   1   0   0   1   1   1   1 | SP+TM
VITVvi_vZin03_v1.1_P80.ver1.0.g505240.p01          -          LRRNT_2              PF08263.17   7.6e-14   50.7   0.1   2.5e-13   49.1   0.1   2.0   1   0   0   1   1   1   1 | SP+TM
VITVvi_vZin03_v1.1_P12.ver1.0.g233890.p01          -          LRRNT_2              PF08263.17   7.7e-14   50.7   4.0   2.4e-13   49.2   4.0   1.9   1   0   0   1   1   1   1 | SP+TM
VITVvi_vZin03_v1.1_P71.ver1.0.g491630.p01          -          LRRNT_2              PF08263.17   7.7e-14   50.7   0.9   2.2e-13   49.3   0.9   1.9   1   0   0   1   1   1   1 | SP
VITVvi_vZin03_v1.1_H000005F_004.ver1.0.g020140.p01 -          LRRNT_2              PF08263.17   8.1e-14   50.7   2.5   1.8e-13   49.5   2.5   1.7   1   0   0   1   1   1   1 | SP+TM
VITVvi_vZin03_v1.1_P6.ver1.0.g471210.p01           -          LRRNT_2              PF08263.17   8.1e-14   50.7   2.5   1.8e-13   49.5   2.5   1.6   1   0   0   1   1   1   1 | SP+TM
VITVvi_vZin03_v1.1_P160.ver1.0.g280300.p01         -          LRRNT_2              PF08263.17     9e-14   50.5   0.4   2.3e-13   49.2   0.4   1.8   1   0   0   1   1   1   1 | SP
VITVvi_vZin03_v1.1_P2.ver1.0.g312350.p01           -          LRRNT_2              PF08263.17     1e-13   50.3   0.3   3.1e-13   48.8   0.3   1.9   1   0   0   1   1   1   1 | SP+TM
VITVvi_vZin03_v1.1_P40.ver1.0.g411680.p01          -          LRRNT_2              PF08263.17   1.3e-13   50.1   0.5     4e-13   48.4   0.5   2.0   1   0   0   1   1   1   1 | SP+TM
VITVvi_vZin03_v1.1_H000232F_006.ver1.0.g175810.p01 -          LRRNT_2              PF08263.17   1.4e-13   50.0   0.1   5.7e-13   48.0   0.1   2.2   1   0   0   1   1   1   1 | SP+TM
VITVvi_vZin03_v1.1_P188.ver1.0.g302390.p01         -          LRRNT_2              PF08263.17   1.4e-13   50.0   0.1   5.7e-13   48.0   0.1   2.2   1   0   0   1   1   1   1 | SP+TM
VITVvi_vZin03_v1.1_P572.ver1.0.g463500.p01         -          LRRNT_2              PF08263.17   1.4e-13   49.9   0.5   4.8e-13   48.2   0.5   2.0   1   0   0   1   1   1   1 | SP+TM
VITVvi_vZin03_v1.1_H000196F_003.ver1.0.g166120.p01 -          LRRNT_2              PF08263.17   1.5e-13   49.8   0.5   4.2e-13   48.4   0.5   1.8   1   0   0   1   1   1   1 | SP
VITVvi_vZin03_v1.1_P286.ver1.0.g360560.p01         -          LRRNT_2              PF08263.17   1.6e-13   49.7   1.5   3.4e-13   48.7   0.7   2.1   2   0   0   2   2   1   1 | SP
VITVvi_vZin03_v1.1_P572.ver1.0.g463520.p01         -          LRRNT_2              PF08263.17   1.7e-13   49.6   0.3   5.7e-13   48.0   0.3   2.0   1   0   0   1   1   1   1 | SP+TM
VITVvi_vZin03_v1.1_P273.ver1.0.g354240.p01         -          LRRNT_2              PF08263.17   1.8e-13   49.6   0.2   5.5e-13   48.0   0.2   2.0   1   0   0   1   1   1   1 | SP+TM
VITVvi_vZin03_v1.1_H000152F_005.ver1.0.g151210.p01 -          LRRNT_2              PF08263.17   1.8e-13   49.6   5.3   1.8e-13   49.6   5.3   2.0   2   0   0   2   2   1   1 | SP
VITVvi_vZin03_v1.1_P123.ver1.0.g239750.p01         -          LRRNT_2              PF08263.17     2e-13   49.4   0.6     5e-13   48.1   0.6   1.7   1   0   0   1   1   1   1 | SP
VITVvi_vZin03_v1.1_P366.ver1.0.g392730.p01         -          LRRNT_2              PF08263.17   2.4e-13   49.1   0.2   5.6e-13   48.0   0.2   1.7   1   0   0   1   1   1   1 | SP
VITVvi_vZin03_v1.1_P71.ver1.0.g491620.p01          -          LRRNT_2              PF08263.17   2.7e-13   49.0   0.5   2.7e-13   49.0   0.5   2.4   2   0   0   2   2   1   1 | SP+TM
VITVvi_vZin03_v1.1_P423.ver1.0.g421190.p01         -          LRRNT_2              PF08263.17   2.7e-13   49.0   0.1   1.3e-12   46.8   0.1   2.3   1   0   0   1   1   1   1 | SP+TM
VITVvi_vZin03_v1.1_P645.ver1.0.g480640.p01         -          LRRNT_2              PF08263.17   2.9e-13   48.9   1.0   9.3e-13   47.3   1.0   1.9   1   0   0   1   1   1   1 | SP+TM
VITVvi_vZin03_v1.1_P193.ver1.0.g306890.p01         -          LRRNT_2              PF08263.17   3.2e-13   48.7   1.7   8.5e-13   47.4   1.7   1.8   1   0   0   1   1   1   1 | SP
VITVvi_vZin03_v1.1_P88.ver1.0.g518720.p01          -          LRRNT_2              PF08263.17   3.3e-13   48.7   1.7   8.5e-13   47.4   1.7   1.8   1   0   0   1   1   1   1 | SP
VITVvi_vZin03_v1.1_P123.ver1.0.g239770.p01         -          LRRNT_2              PF08263.17   3.4e-13   48.7   0.6   1.2e-12   46.9   0.6   2.1   1   0   0   1   1   1   1 | SP+TM
VITVvi_vZin03_v1.1_H000182F_002.ver1.0.g162460.p01 -          LRRNT_2              PF08263.17   3.5e-13   48.6   1.2     8e-13   47.5   1.2   1.7   1   0   0   1   1   1   1 | SP
VITVvi_vZin03_v1.1_P368.ver1.0.g393040.p01         -          LRRNT_2              PF08263.17   3.6e-13   48.6   0.3   3.6e-13   48.6   0.3   2.9   2   0   0   2   2   1   1 | SP+TM
VITVvi_vZin03_v1.1_P40.ver1.0.g411700.p01          -          LRRNT_2              PF08263.17   3.6e-13   48.6   0.3   3.6e-13   48.6   0.3   3.0   2   0   0   2   2   1   1 | SP+TM
VITVvi_vZin03_v1.1_H000816F_002.ver1.0.g198590.p01 -          LRRNT_2              PF08263.17   3.9e-13   48.5   0.4   3.9e-13   48.5   0.4   2.4   3   0   0   3   3   1   1 | SP+TM
VITVvi_vZin03_v1.1_P87.ver1.0.g516360.p01          -          LRRNT_2              PF08263.17   4.1e-13   48.4   0.1   1.4e-12   46.7   0.1   2.0   1   0   0   1   1   1   1 | SP+TM
VITVvi_vZin03_v1.1_P139.ver1.0.g252290.p01         -          LRRNT_2              PF08263.17   4.1e-13   48.4   0.7   1.1e-12   47.0   0.7   1.8   1   0   0   1   1   1   1 | SP+TM
VITVvi_vZin03_v1.1_P151.ver1.0.g270660.p01         -          LRRNT_2              PF08263.17   4.3e-13   48.4   0.6   9.5e-13   47.2   0.6   1.6   1   0   0   1   1   1   1 | SP+TM
VITVvi_vZin03_v1.1_P138.ver1.0.g251680.p01         -          LRRNT_2              PF08263.17   4.3e-13   48.3   0.1   1.3e-12   46.8   0.1   1.9   1   0   0   1   1   1   1 | SP
VITVvi_vZin03_v1.1_H000104F_007.ver1.0.g129840.p01 -          LRRNT_2              PF08263.17   4.3e-13   48.3   0.2   1.1e-12   47.0   0.2   1.8   1   0   0   1   1   1   1 | SP+TM
VITVvi_vZin03_v1.1_P88.ver1.0.g518490.p01          -          LRRNT_2              PF08263.17   4.4e-13   48.3   0.2   1.1e-12   47.0   0.2   1.8   1   0   0   1   1   1   1 | SP+TM
VITVvi_vZin03_v1.1_P53.ver1.0.g456580.p01          -          LRRNT_2              PF08263.17   4.4e-13   48.3   0.2   1.6e-12   46.5   0.2   2.1   1   0   0   1   1   1   1 | SP+TM
VITVvi_vZin03_v1.1_H000152F_005.ver1.0.g151200.p01 -          LRRNT_2              PF08263.17   4.6e-13   48.3   2.1   4.6e-13   48.3   2.1   2.2   3   0   0   3   3   1   1 | SP
VITVvi_vZin03_v1.1_P138.ver1.0.g251660.p01         -          LRRNT_2              PF08263.17   4.7e-13   48.2   0.1   1.2e-12   47.0   0.1   1.7   1   0   0   1   1   1   1 | SP
VITVvi_vZin03_v1.1_P71.ver1.0.g491670.p01          -          LRRNT_2              PF08263.17   4.8e-13   48.2   0.3   1.3e-12   46.8   0.3   1.8   1   0   0   1   1   1   1 | SP+TM
VITVvi_vZin03_v1.1_H000286F_002.ver1.0.g184270.p01 -          LRRNT_2              PF08263.17     5e-13   48.1   4.1     5e-13   48.1   4.1   2.3   2   0   0   2   2   1   1 | SP+TM
VITVvi_vZin03_v1.1_H000182F_002.ver1.0.g162360.p01 -          LRRNT_2              PF08263.17   5.3e-13   48.1   1.0   1.3e-12   46.8   1.0   1.8   1   0   0   1   1   1   1 | SP+TM
VITVvi_vZin03_v1.1_P273.ver1.0.g354110.p01         -          LRRNT_2              PF08263.17   5.3e-13   48.1   0.3   1.4e-12   46.7   0.3   1.8   1   0   0   1   1   1   1 | SP+TM
VITVvi_vZin03_v1.1_P273.ver1.0.g354220.p01         -          LRRNT_2              PF08263.17   5.3e-13   48.0   0.3   5.3e-13   48.0   0.3   2.4   2   0   0   2   2   1   1 | SP
VITVvi_vZin03_v1.1_P22.ver1.0.g327600.p01          -          LRRNT_2              PF08263.17   5.7e-13   47.9   0.2   2.2e-12   46.1   0.2   2.2   1   0   0   1   1   1   1 | SP+TM
VITVvi_vZin03_v1.1_H000019F_012.ver1.0.g053940.p01 -          LRRNT_2              PF08263.17   5.8e-13   47.9   0.2   2.2e-12   46.1   0.2   2.2   1   0   0   1   1   1   1 | SP+TM
VITVvi_vZin03_v1.1_P188.ver1.0.g302650.p01         -          LRRNT_2              PF08263.17   5.8e-13   47.9  12.7   5.7e-07   28.7   3.6   2.9   2   0   0   2   2   2   2 | SP+TM
VITVvi_vZin03_v1.1_H000182F_002.ver1.0.g162420.p01 -          LRRNT_2              PF08263.17   5.9e-13   47.9   1.0   1.4e-12   46.7   1.0   1.7   1   0   0   1   1   1   1 | SP+TM
VITVvi_vZin03_v1.1_P165.ver1.0.g284160.p01         -          LRRNT_2              PF08263.17   5.9e-13   47.9   1.3   1.3e-12   46.8   1.3   1.7   1   0   0   1   1   1   1 | SP
VITVvi_vZin03_v1.1_H000232F_006.ver1.0.g176080.p01 -          LRRNT_2              PF08263.17   5.9e-13   47.9  12.7   5.7e-07   28.7   3.6   2.9   2   0   0   2   2   2   2 | SP+TM
VITVvi_vZin03_v1.1_P138.ver1.0.g251760.p01         -          LRRNT_2              PF08263.17     6e-13   47.9   0.1   1.6e-12   46.6   0.1   1.8   1   0   0   1   1   1   1 | SP
VITVvi_vZin03_v1.1_P171.ver1.0.g289350.p01         -          LRRNT_2              PF08263.17   6.5e-13   47.8   0.1   1.7e-12   46.4   0.1   1.8   1   0   0   1   1   1   1 | SP
VITVvi_vZin03_v1.1_H000020F_010.ver1.0.g054480.p01 -          LRRNT_2              PF08263.17   6.9e-13   47.7   1.4   2.3e-12   46.0   1.4   2.0   1   0   0   1   1   1   1 | SP
VITVvi_vZin03_v1.1_P138.ver1.0.g251800.p01         -          LRRNT_2              PF08263.17   7.1e-13   47.7   0.1   2.1e-12   46.2   0.1   1.9   1   0   0   1   1   1   1 | SP+TM
VITVvi_vZin03_v1.1_P182.ver1.0.g297940.p01         -          LRRNT_2              PF08263.17   7.7e-13   47.5   2.9   1.3e-12   46.8   2.9   1.4   1   0   0   1   1   1   1 | SP+TM
VITVvi_vZin03_v1.1_P138.ver1.0.g251740.p01         -          LRRNT_2              PF08263.17     8e-13   47.5   0.1   2.2e-12   46.1   0.1   1.9   1   0   0   1   1   1   1 | SP+TM
VITVvi_vZin03_v1.1_P273.ver1.0.g354180.p01         -          LRRNT_2              PF08263.17     8e-13   47.5   0.3   2.5e-12   45.9   0.3   2.0   1   0   0   1   1   1   1 | SP+TM
VITVvi_vZin03_v1.1_P40.ver1.0.g411720.p01          -          LRRNT_2              PF08263.17   8.2e-13   47.5   0.4   2.4e-12   46.0   0.4   1.9   1   0   0   1   1   1   1 | SP
VITVvi_vZin03_v1.1_H000183F_003.ver1.0.g162960.p01 -          LRRNT_2              PF08263.17   9.4e-13   47.3   0.4   2.4e-12   45.9   0.4   1.8   1   0   0   1   1   1   1 | SP+TM
VITVvi_vZin03_v1.1_H000000F_011.ver1.0.g000350.p01 -          LRRNT_2              PF08263.17   9.8e-13   47.2   0.2   2.1e-12   46.2   0.2   1.6   1   0   0   1   1   1   1 | SP
VITVvi_vZin03_v1.1_H000000F_019.ver1.0.g001680.p01 -          LRRNT_2              PF08263.17   9.8e-13   47.2   0.2   2.1e-12   46.2   0.2   1.6   1   0   0   1   1   1   1 | SP
VITVvi_vZin03_v1.1_H000182F_002.ver1.0.g162340.p01 -          LRRNT_2              PF08263.17     1e-12   47.2   0.8   3.4e-12   45.5   0.8   2.0   1   0   0   1   1   1   1 | SP
VITVvi_vZin03_v1.1_H000286F_001.ver1.0.g184240.p01 -          LRRNT_2              PF08263.17     1e-12   47.1   3.5   2.1e-12   46.2   3.5   1.5   1   0   0   1   1   1   1 | SP
VITVvi_vZin03_v1.1_H000183F_001.ver1.0.g162640.p01 -          LRRNT_2              PF08263.17   1.1e-12   47.0   0.7   2.9e-12   45.7   0.7   1.8   1   0   0   1   1   1   1 | SP+TM
VITVvi_vZin03_v1.1_P22.ver1.0.g327880.p01          -          LRRNT_2              PF08263.17   1.1e-12   47.0   0.1   1.1e-12   47.0   0.1   2.3   2   0   0   2   2   1   1 | SP
VITVvi_vZin03_v1.1_P74.ver1.0.g495780.p01          -          LRRNT_2              PF08263.17   1.1e-12   47.0   0.2   5.4e-12   44.8   0.2   2.3   1   0   0   1   1   1   1 | SP+TM
VITVvi_vZin03_v1.1_P400.ver1.0.g412340.p01         -          LRRNT_2              PF08263.17   1.2e-12   47.0   0.6   2.5e-12   45.9   0.1   1.9   2   0   0   2   2   1   1 | SP
VITVvi_vZin03_v1.1_P291.ver1.0.g362520.p01         -          LRRNT_2              PF08263.17   1.2e-12   46.9   0.3   1.2e-12   46.9   0.3   1.9   2   0   0   2   2   1   1 | SP
VITVvi_vZin03_v1.1_P22.ver1.0.g327730.p01          -          LRRNT_2              PF08263.17   1.3e-12   46.8   0.2   4.1e-12   45.2   0.2   2.0   1   0   0   1   1   1   1 | SP
VITVvi_vZin03_v1.1_H000152F_005.ver1.0.g151320.p01 -          LRRNT_2              PF08263.17   1.4e-12   46.7   1.3   1.4e-12   46.7   1.3   1.8   2   0   0   2   2   1   1 | SP
VITVvi_vZin03_v1.1_P128.ver1.0.g242160.p01         -          LRRNT_2              PF08263.17   1.4e-12   46.7   1.3   1.4e-12   46.7   1.3   1.8   2   0   0   2   2   1   1 | SP
VITVvi_vZin03_v1.1_P551.ver1.0.g461030.p01         -          LRRNT_2              PF08263.17   1.5e-12   46.6   0.4   1.5e-12   46.6   0.4   2.6   3   0   0   3   3   1   1 | SP
VITVvi_vZin03_v1.1_P151.ver1.0.g270760.p01         -          LRRNT_2              PF08263.17   1.6e-12   46.5   1.0   5.7e-12   44.8   1.0   2.1   1   0   0   1   1   1   1 | SP
VITVvi_vZin03_v1.1_P87.ver1.0.g517330.p01          -          LRRNT_2              PF08263.17   1.6e-12   46.5   0.4   1.6e-12   46.5   0.4   1.9   2   0   0   2   2   1   1 | SP
VITVvi_vZin03_v1.1_P18.ver1.0.g295150.p01          -          LRRNT_2              PF08263.17   1.7e-12   46.4   1.3     6e-12   44.7   1.3   2.0   1   0   0   1   1   1   1 | SP
VITVvi_vZin03_v1.1_H000233F_004.ver1.0.g176400.p01 -          LRRNT_2              PF08263.17   1.8e-12   46.4   1.0   1.8e-12   46.4   1.0   2.5   2   0   0   2   2   1   1 | SP+TM
VITVvi_vZin03_v1.1_P184.ver1.0.g298920.p01         -          LRRNT_2              PF08263.17   1.8e-12   46.4   1.0   1.8e-12   46.4   1.0   2.5   2   0   0   2   2   1   1 | SP+TM
VITVvi_vZin03_v1.1_P240.ver1.0.g338600.p01         -          LRRNT_2              PF08263.17   1.8e-12   46.4   0.9   8.8e-12   44.1   0.9   2.3   1   0   0   1   1   1   1 | SP+TM
VITVvi_vZin03_v1.1_P53.ver1.0.g456620.p01          -          LRRNT_2              PF08263.17   1.9e-12   46.3   1.3     5e-12   44.9   1.3   1.8   1   0   0   1   1   1   1 | SP+TM
VITVvi_vZin03_v1.1_P171.ver1.0.g289370.p01         -          LRRNT_2              PF08263.17   1.9e-12   46.3   0.1   3.9e-12   45.3   0.1   1.6   1   0   0   1   1   1   1 | SP
VITVvi_vZin03_v1.1_H000019F_008.ver1.0.g052710.p01 -          LRRNT_2              PF08263.17   2.1e-12   46.2   0.3   6.2e-12   44.6   0.3   1.9   1   0   0   1   1   1   1 | SP+TM
VITVvi_vZin03_v1.1_P240.ver1.0.g338620.p01         -          LRRNT_2              PF08263.17   2.2e-12   46.0   1.3   2.2e-12   46.0   1.3   2.8   2   0   0   2   2   1   1 | SP+TM
VITVvi_vZin03_v1.1_P135.ver1.0.g250040.p01         -          LRRNT_2              PF08263.17   2.5e-12   45.9   2.5   6.8e-12   44.5   2.5   1.8   1   0   0   1   1   1   1 | SP+TM
VITVvi_vZin03_v1.1_P240.ver1.0.g338670.p01         -          LRRNT_2              PF08263.17   2.6e-12   45.8   0.1   1.1e-11   43.8   0.1   2.2   1   0   0   1   1   1   1 | SP
VITVvi_vZin03_v1.1_P479.ver1.0.g436690.p01         -          LRRNT_2              PF08263.17     3e-12   45.6   1.6   7.1e-12   44.5   1.6   1.6   1   0   0   1   1   1   1 | SP
VITVvi_vZin03_v1.1_P108.ver1.0.g218000.p01         -          LRRNT_2              PF08263.17   3.1e-12   45.6   0.4   1.4e-11   43.5   0.4   2.3   1   0   0   1   1   1   1 | SP+TM
VITVvi_vZin03_v1.1_P127.ver1.0.g241810.p01         -          LRRNT_2              PF08263.17   3.1e-12   45.6   0.1   1.1e-11   43.8   0.1   2.1   1   0   0   1   1   1   1 | SP+TM
VITVvi_vZin03_v1.1_P157.ver1.0.g276070.p01         -          LRRNT_2              PF08263.17   3.2e-12   45.6   2.9   7.8e-12   44.3   2.9   1.7   1   0   0   1   1   1   1 | SP+TM
VITVvi_vZin03_v1.1_P645.ver1.0.g480630.p01         -          LRRNT_2              PF08263.17   3.4e-12   45.5   2.9   3.4e-12   45.5   2.9   1.9   2   0   0   2   2   1   1 | SP+TM
VITVvi_vZin03_v1.1_P71.ver1.0.g491860.p01          -          LRRNT_2              PF08263.17   3.4e-12   45.5   3.6   8.3e-12   44.2   3.6   1.7   1   0   0   1   1   1   1 | SP+TM
VITVvi_vZin03_v1.1_H000164F_003.ver1.0.g155770.p01 -          LRRNT_2              PF08263.17   3.4e-12   45.5   2.5   9.7e-12   44.0   2.5   1.9   1   0   0   1   1   1   1 | SP+TM
VITVvi_vZin03_v1.1_P368.ver1.0.g393020.p01         -          LRRNT_2              PF08263.17   4.5e-12   45.1   0.5   4.5e-12   45.1   0.5   2.1   2   0   0   2   2   1   1 | SP
VITVvi_vZin03_v1.1_P240.ver1.0.g338580.p01         -          LRRNT_2              PF08263.17     5e-12   44.9   0.2   1.6e-11   43.3   0.2   2.0   1   0   0   1   1   1   1 | TM
VITVvi_vZin03_v1.1_H000019F_012.ver1.0.g053780.p01 -          LRRNT_2              PF08263.17     5e-12   44.9   0.9   2.5e-11   42.7   0.0   2.8   2   0   0   2   2   1   1 | SP+TM
VITVvi_vZin03_v1.1_P22.ver1.0.g327470.p01          -          LRRNT_2              PF08263.17   5.1e-12   44.9   0.9   2.5e-11   42.7   0.0   2.8   2   0   0   2   2   1   1 | SP+TM
VITVvi_vZin03_v1.1_H000006F_006.ver1.0.g024690.p01 -          LRRNT_2              PF08263.17   5.2e-12   44.9   2.9   5.2e-12   44.9   2.9   2.3   2   0   0   2   2   1   1 | SP
VITVvi_vZin03_v1.1_P7.ver1.0.g490490.p01           -          LRRNT_2              PF08263.17   5.2e-12   44.9   2.9   5.2e-12   44.9   2.9   2.3   2   0   0   2   2   1   1 | SP
VITVvi_vZin03_v1.1_P53.ver1.0.g456570.p01          -          LRRNT_2              PF08263.17   5.3e-12   44.9   2.1   1.3e-11   43.6   0.5   2.5   2   0   0   2   2   1   1 | SP+TM
VITVvi_vZin03_v1.1_P22.ver1.0.g327520.p01          -          LRRNT_2              PF08263.17   5.4e-12   44.8   2.2   8.7e-12   44.2   0.1   2.5   2   0   0   2   2   1   1 | SP
VITVvi_vZin03_v1.1_H000001F_017.ver1.0.g003350.p01 -          LRRNT_2              PF08263.17   5.4e-12   44.8   1.1   1.1e-11   43.8   1.1   1.6   1   0   0   1   1   1   1 | SP
VITVvi_vZin03_v1.1_P53.ver1.0.g456720.p01          -          LRRNT_2              PF08263.17   5.5e-12   44.8   1.3   5.5e-12   44.8   1.3   2.5   2   0   0   2   2   1   1 | SP+TM
VITVvi_vZin03_v1.1_H000052F_011.ver1.0.g091920.p01 -          LRRNT_2              PF08263.17   5.7e-12   44.8   0.5   1.7e-11   43.2   0.5   1.9   1   0   0   1   1   1   1 | SP+TM
VITVvi_vZin03_v1.1_P368.ver1.0.g393000.p01         -          LRRNT_2              PF08263.17   5.8e-12   44.7   1.3   5.8e-12   44.7   1.3   2.4   2   0   0   2   2   1   1 | SP+TM
VITVvi_vZin03_v1.1_P40.ver1.0.g411740.p01          -          LRRNT_2              PF08263.17   5.8e-12   44.7   1.3   5.8e-12   44.7   1.3   2.4   2   0   0   2   2   1   1 | SP+TM
VITVvi_vZin03_v1.1_P40.ver1.0.g411810.p01          -          LRRNT_2              PF08263.17   5.9e-12   44.7   1.3   5.9e-12   44.7   1.3   2.5   2   0   0   2   2   1   1 | SP+TM
VITVvi_vZin03_v1.1_P15.ver1.0.g265330.p01          -          LRRNT_2              PF08263.17     6e-12   44.7   0.9     6e-12   44.7   0.9   2.1   2   0   0   2   2   1   1 | SP
VITVvi_vZin03_v1.1_P259.ver1.0.g346070.p01         -          LRRNT_2              PF08263.17   6.2e-12   44.6   3.1   8.4e-12   44.2   0.1   2.9   2   0   0   2   2   1   1 | SP+TM
VITVvi_vZin03_v1.1_P199.ver1.0.g308710.p01         -          LRRNT_2              PF08263.17   7.9e-12   44.3   1.1   1.3e-11   43.6   0.2   1.9   2   0   0   2   2   1   1 | SP
VITVvi_vZin03_v1.1_H000019F_012.ver1.0.g053970.p01 -          LRRNT_2              PF08263.17   7.9e-12   44.3   0.1   2.2e-11   42.9   0.1   1.9   1   0   0   1   1   1   1 | SP+TM
VITVvi_vZin03_v1.1_P142.ver1.0.g259020.p01         -          LRRNT_2              PF08263.17   8.1e-12   44.3   0.7     3e-11   42.5   0.2   2.2   2   0   0   2   2   1   1 | SP+TM
VITVvi_vZin03_v1.1_P3.ver1.0.g367860.p01           -          LRRNT_2              PF08263.17   8.6e-12   44.2   0.5     2e-11   43.0   0.5   1.7   1   0   0   1   1   1   1 | SP+TM
VITVvi_vZin03_v1.1_P77.ver1.0.g498080.p01          -          LRRNT_2              PF08263.17   9.1e-12   44.1   5.8   7.7e-06   25.1   1.1   2.8   2   0   0   2   2   2   2 | SP+TM
VITVvi_vZin03_v1.1_P15.ver1.0.g265280.p01          -          LRRNT_2              PF08263.17   1.1e-11   43.9   0.9   2.4e-11   42.7   0.9   1.6   1   0   0   1   1   1   1 | SP+TM
VITVvi_vZin03_v1.1_P224.ver1.0.g329650.p01         -          LRRNT_2              PF08263.17   1.2e-11   43.8   3.5   1.2e-11   43.8   3.5   2.3   2   0   0   2   2   1   1 | SP+TM
VITVvi_vZin03_v1.1_P128.ver1.0.g242040.p01         -          LRRNT_2              PF08263.17   1.2e-11   43.7   1.6   1.2e-11   43.7   1.6   2.2   3   0   0   3   3   1   1 | SP
VITVvi_vZin03_v1.1_P397.ver1.0.g402950.p01         -          LRRNT_2              PF08263.17   1.2e-11   43.7   0.0   2.5e-11   42.7   0.0   1.6   1   0   0   1   1   1   1 | SP
VITVvi_vZin03_v1.1_H000079F_010.ver1.0.g113650.p01 -          LRRNT_2              PF08263.17   1.3e-11   43.7   0.1   1.8e-10   40.0   0.0   2.5   2   0   0   2   2   1   1 | SP+TM
VITVvi_vZin03_v1.1_H000079F_014.ver1.0.g114300.p01 -          LRRNT_2              PF08263.17   1.3e-11   43.6   0.1   1.8e-10   40.0   0.0   2.5   2   0   0   2   2   1   1 | SP+TM
VITVvi_vZin03_v1.1_P71.ver1.0.g491600.p01          -          LRRNT_2              PF08263.17   1.3e-11   43.6   3.0   1.3e-11   43.6   3.0   2.4   2   0   0   2   2   1   1 | SP
VITVvi_vZin03_v1.1_P15.ver1.0.g265470.p01          -          LRRNT_2              PF08263.17   1.3e-11   43.6   0.9   2.7e-11   42.6   0.9   1.6   1   0   0   1   1   1   1 | SP+TM
VITVvi_vZin03_v1.1_P237.ver1.0.g336770.p01         -          LRRNT_2              PF08263.17   1.3e-11   43.6   1.1   1.3e-11   43.6   1.1   2.4   2   0   0   2   2   1   1 | SP
VITVvi_vZin03_v1.1_H000182F_002.ver1.0.g162490.p01 -          LRRNT_2              PF08263.17   1.4e-11   43.5   3.1   4.4e-11   41.9   3.1   2.0   1   0   0   1   1   1   1 | SP+TM
VITVvi_vZin03_v1.1_P259.ver1.0.g346060.p01         -          LRRNT_2              PF08263.17   1.4e-11   43.5   0.8   5.4e-11   41.6   0.8   2.2   1   0   0   1   1   1   1 | SP+TM
VITVvi_vZin03_v1.1_H000568F_002.ver1.0.g196580.p01 -          LRRNT_2              PF08263.17   1.5e-11   43.4   1.3   1.5e-11   43.4   1.3   2.1   2   0   0   2   2   1   1 | SP+TM
VITVvi_vZin03_v1.1_P344.ver1.0.g386140.p01         -          LRRNT_2              PF08263.17   1.5e-11   43.4   1.3   1.5e-11   43.4   1.3   2.1   2   0   0   2   2   1   1 | SP+TM
VITVvi_vZin03_v1.1_H000182F_002.ver1.0.g162400.p01 -          LRRNT_2              PF08263.17   1.6e-11   43.3   3.1   4.3e-11   42.0   3.1   1.8   1   0   0   1   1   1   1 | SP+TM
VITVvi_vZin03_v1.1_H000158F_001.ver1.0.g154420.p01 -          LRRNT_2              PF08263.17   1.7e-11   43.2   0.5   5.2e-11   41.7   0.1   2.1   2   0   0   2   2   1   1 | SP+TM
VITVvi_vZin03_v1.1_P127.ver1.0.g241650.p01         -          LRRNT_2              PF08263.17   1.7e-11   43.2   0.5   5.2e-11   41.7   0.1   2.1   2   0   0   2   2   1   1 | SP+TM
VITVvi_vZin03_v1.1_H000019F_012.ver1.0.g053860.p01 -          LRRNT_2              PF08263.17   1.9e-11   43.1   1.3   5.3e-11   41.6   0.1   2.5   2   0   0   2   2   1   1 | SP
VITVvi_vZin03_v1.1_P261.ver1.0.g347930.p01         -          LRRNT_2              PF08263.17   1.9e-11   43.1   2.3   1.9e-11   43.1   2.3   2.0   2   0   0   2   2   1   1 | SP+TM
VITVvi_vZin03_v1.1_P529.ver1.0.g452620.p01         -          LRRNT_2              PF08263.17   1.9e-11   43.1   2.3   1.9e-11   43.1   2.3   2.0   2   0   0   2   2   1   1 | SP+TM
VITVvi_vZin03_v1.1_H000064F_013.ver1.0.g106080.p01 -          LRRNT_2              PF08263.17     2e-11   43.0   7.6     2e-11   43.0   7.6   2.2   2   0   0   2   2   1   1 | SP+TM
VITVvi_vZin03_v1.1_P71.ver1.0.g491690.p01          -          LRRNT_2              PF08263.17   2.1e-11   42.9   0.7   7.5e-11   41.2   0.7   2.1   1   0   0   1   1   1   1 | SP+TM
VITVvi_vZin03_v1.1_H000183F_001.ver1.0.g162760.p01 -          LRRNT_2              PF08263.17   2.2e-11   42.9   0.1   5.3e-11   41.7   0.1   1.7   1   0   0   1   1   1   1 | SP+TM
VITVvi_vZin03_v1.1_H000024F_012.ver1.0.g059310.p01 -          LRRNT_2              PF08263.17   2.2e-11   42.9   0.2   5.5e-11   41.6   0.2   1.8   1   0   0   1   1   1   1 | SP+TM
VITVvi_vZin03_v1.1_P104.ver1.0.g215550.p01         -          LRRNT_2              PF08263.17   2.2e-11   42.9   0.1   7.5e-11   41.2   0.1   2.0   1   0   0   1   1   1   1 | SP+TM
VITVvi_vZin03_v1.1_P68.ver1.0.g485320.p01          -          LRRNT_2              PF08263.17   2.2e-11   42.9   0.0   5.7e-11   41.6   0.0   1.8   1   0   0   1   1   1   1 | SP
VITVvi_vZin03_v1.1_P2.ver1.0.g311130.p01           -          LRRNT_2              PF08263.17   2.3e-11   42.8   1.1   5.4e-11   41.6   1.1   1.7   1   0   0   1   1   1   1 | SP+TM
VITVvi_vZin03_v1.1_P19.ver1.0.g303210.p01          -          LRRNT_2              PF08263.17   2.4e-11   42.8   0.3   2.4e-11   42.8   0.3   2.2   2   0   0   2   2   1   1 | SP+TM
VITVvi_vZin03_v1.1_P1.ver1.0.g200830.p01           -          LRRNT_2              PF08263.17   2.5e-11   42.7   3.2     7e-11   41.3   3.2   1.9   1   0   0   1   1   1   1 | SP+TM
VITVvi_vZin03_v1.1_H000572F_001.ver1.0.g196630.p01 -          LRRNT_2              PF08263.17   2.5e-11   42.7   1.7   4.1e-10   38.8   0.3   3.3   3   0   0   3   3   1   1 | SP+TM
VITVvi_vZin03_v1.1_H000048F_010.ver1.0.g086610.p01 -          LRRNT_2              PF08263.17   2.5e-11   42.7   1.4   6.4e-11   41.4   1.4   1.8   1   0   0   1   1   1   1 | SP+TM
VITVvi_vZin03_v1.1_P41.ver1.0.g416750.p01          -          LRRNT_2              PF08263.17   2.5e-11   42.7   1.4   6.4e-11   41.4   1.4   1.8   1   0   0   1   1   1   1 | SP+TM
VITVvi_vZin03_v1.1_P71.ver1.0.g491650.p01          -          LRRNT_2              PF08263.17   2.5e-11   42.7   0.9   2.5e-11   42.7   0.9   2.3   3   0   0   3   3   1   1 | SP
VITVvi_vZin03_v1.1_P206.ver1.0.g318700.p01         -          LRRNT_2              PF08263.17   2.6e-11   42.6   0.8     5e-11   41.7   0.8   1.5   1   0   0   1   1   1   1 | SP+TM
VITVvi_vZin03_v1.1_P113.ver1.0.g227580.p01         -          LRRNT_2              PF08263.17   2.6e-11   42.6   3.0   3.5e-11   42.2   0.8   2.3   2   0   0   2   2   1   1 | SP+TM
VITVvi_vZin03_v1.1_P127.ver1.0.g241740.p01         -          LRRNT_2              PF08263.17   2.8e-11   42.6   0.8   1.1e-10   40.7   0.8   2.2   1   0   0   1   1   1   1 | TM
VITVvi_vZin03_v1.1_H000037F_013.ver1.0.g074710.p01 -          LRRNT_2              PF08263.17   2.8e-11   42.5   1.0   7.3e-11   41.2   1.0   1.8   1   0   0   1   1   1   1 | SP+TM
VITVvi_vZin03_v1.1_H001436F_001.ver1.0.g200220.p01 -          LRRNT_2              PF08263.17   2.8e-11   42.5   1.6   2.8e-11   42.5   1.6   2.3   2   0   0   2   2   1   1 | SP
VITVvi_vZin03_v1.1_P155.ver1.0.g273990.p01         -          LRRNT_2              PF08263.17   2.9e-11   42.5   0.1   6.3e-11   41.4   0.1   1.6   1   0   0   1   1   1   1 | SP+TM
VITVvi_vZin03_v1.1_H000041F_010.ver1.0.g076670.p01 -          LRRNT_2              PF08263.17   2.9e-11   42.5   0.1   7.2e-11   41.2   0.1   1.7   1   0   0   1   1   1   1 | SP+TM
VITVvi_vZin03_v1.1_P36.ver1.0.g390310.p01          -          LRRNT_2              PF08263.17   2.9e-11   42.5   0.1   7.2e-11   41.2   0.1   1.7   1   0   0   1   1   1   1 | SP+TM
VITVvi_vZin03_v1.1_P398.ver1.0.g403080.p01         -          LRRNT_2              PF08263.17     3e-11   42.5   0.3   1.3e-10   40.4   0.3   2.3   1   0   0   1   1   1   1 | SP+TM
VITVvi_vZin03_v1.1_P199.ver1.0.g308780.p01         -          LRRNT_2              PF08263.17   3.2e-11   42.4   0.2   7.5e-11   41.2   0.2   1.7   1   0   0   1   1   1   1 | SP+TM
VITVvi_vZin03_v1.1_P572.ver1.0.g463540.p01         -          LRRNT_2              PF08263.17   3.3e-11   42.3   1.6   3.3e-11   42.3   1.6   2.4   2   0   0   2   2   1   1 | SP+TM
VITVvi_vZin03_v1.1_P52.ver1.0.g450560.p01          -          LRRNT_2              PF08263.17   3.3e-11   42.3   0.6   1.3e-10   40.5   0.1   2.2   2   0   0   2   2   1   1 | SP+TM
VITVvi_vZin03_v1.1_P40.ver1.0.g411780.p01          -          LRRNT_2              PF08263.17   3.3e-11   42.3   1.6   3.3e-11   42.3   1.6   2.3   2   0   0   2   2   1   1 | SP+TM
VITVvi_vZin03_v1.1_P31.ver1.0.g374340.p01          -          LRRNT_2              PF08263.17   3.3e-11   42.3   0.2   8.3e-11   41.0   0.2   1.8   1   0   0   1   1   1   1 | SP+TM
VITVvi_vZin03_v1.1_P87.ver1.0.g516400.p01          -          LRRNT_2              PF08263.17   3.9e-11   42.1   1.0   1.2e-10   40.5   0.2   2.4   2   0   0   2   2   1   1 | SP+TM
VITVvi_vZin03_v1.1_P146.ver1.0.g262330.p01         -          LRRNT_2              PF08263.17   4.1e-11   42.0   0.2   1.1e-10   40.6   0.2   1.8   1   0   0   1   1   1   1 | SP+TM
VITVvi_vZin03_v1.1_H000084F_004.ver1.0.g118300.p01 -          LRRNT_2              PF08263.17   4.2e-11   42.0   4.3   4.2e-11   42.0   4.3   2.3   2   0   0   2   2   1   1 | SP+TM
VITVvi_vZin03_v1.1_P1.ver1.0.g200800.p01           -          LRRNT_2              PF08263.17   4.2e-11   42.0   4.3   4.2e-11   42.0   4.3   2.3   2   0   0   2   2   1   1 | SP+TM
VITVvi_vZin03_v1.1_P10.ver1.0.g211750.p01          -          LRRNT_2              PF08263.17   4.4e-11   41.9   0.4   1.5e-10   40.2   0.2   2.1   1   1   0   1   1   1   1 | SP+TM
VITVvi_vZin03_v1.1_P265.ver1.0.g349510.p01         -          LRRNT_2              PF08263.17   4.4e-11   41.9   0.4   1.5e-10   40.2   0.2   2.1   1   1   0   1   1   1   1 | SP+TM
VITVvi_vZin03_v1.1_H000010F_003.ver1.0.g034000.p01 -          LRRNT_2              PF08263.17   4.5e-11   41.9   2.9   1.2e-10   40.5   2.9   1.8   1   0   0   1   1   1   1 | SP+TM
VITVvi_vZin03_v1.1_H000128F_003.ver1.0.g140000.p01 -          LRRNT_2              PF08263.17   4.9e-11   41.7   5.0   1.6e-10   40.1   5.0   2.0   1   0   0   1   1   1   1 | SP+TM
VITVvi_vZin03_v1.1_P106.ver1.0.g216340.p01         -          LRRNT_2              PF08263.17   4.9e-11   41.7   5.0   1.6e-10   40.1   5.0   2.0   1   0   0   1   1   1   1 | SP+TM
VITVvi_vZin03_v1.1_P68.ver1.0.g484900.p01          -          LRRNT_2              PF08263.17     5e-11   41.7   1.0     5e-11   41.7   1.0   1.9   2   0   0   2   2   1   1 | SP+TM
VITVvi_vZin03_v1.1_P12.ver1.0.g233190.p01          -          LRRNT_2              PF08263.17     5e-11   41.7   2.9   1.4e-10   40.3   2.9   1.8   1   0   0   1   1   1   1 | SP+TM
VITVvi_vZin03_v1.1_P117.ver1.0.g230880.p01         -          LRRNT_2              PF08263.17   5.6e-11   41.6   1.1   5.6e-11   41.6   1.1   2.4   2   0   0   2   2   1   1 | SP+TM
VITVvi_vZin03_v1.1_P398.ver1.0.g403150.p01         -          LRRNT_2              PF08263.17   7.2e-11   41.2   0.4   5.5e-10   38.4   0.3   2.7   2   0   0   2   2   1   1 | SP+TM
VITVvi_vZin03_v1.1_H000298F_005.ver1.0.g186210.p01 -          LRRNT_2              PF08263.17   8.1e-11   41.1   0.8   8.1e-11   41.1   0.8   1.9   2   0   0   2   2   1   1 | SP+TM
VITVvi_vZin03_v1.1_P40.ver1.0.g410640.p01          -          LRRNT_2              PF08263.17   8.2e-11   41.0   1.9   8.2e-11   41.0   1.9   2.1   2   0   0   2   2   1   1 | SP+TM
VITVvi_vZin03_v1.1_H000024F_012.ver1.0.g059030.p01 -          LRRNT_2              PF08263.17   8.6e-11   41.0   0.1   1.6e-10   40.1   0.1   1.5   1   0   0   1   1   1   1 | SP
VITVvi_vZin03_v1.1_P101.ver1.0.g213750.p01         -          LRRNT_2              PF08263.17   8.7e-11   41.0   2.7   1.6e-10   40.1   2.7   1.5   1   0   0   1   1   1   1 | SP+TM
VITVvi_vZin03_v1.1_H000043F_003.ver1.0.g079770.p01 -          LRRNT_2              PF08263.17   8.7e-11   41.0   1.9   8.7e-11   41.0   1.9   2.2   2   0   0   2   2   1   1 | SP+TM
VITVvi_vZin03_v1.1_P507.ver1.0.g448150.p01         -          LRRNT_2              PF08263.17   9.4e-11   40.9   0.5   2.5e-10   39.5   0.5   1.8   1   0   0   1   1   1   1 | SP+TM
VITVvi_vZin03_v1.1_P339.ver1.0.g384120.p01         -          LRRNT_2              PF08263.17   9.4e-11   40.9   0.1   2.2e-10   39.7   0.1   1.7   1   0   0   1   1   1   1 | SP
VITVvi_vZin03_v1.1_P266.ver1.0.g350340.p01         -          LRRNT_2              PF08263.17   9.5e-11   40.8   0.5   2.5e-10   39.5   0.5   1.7   1   0   0   1   1   1   1 | SP+TM
VITVvi_vZin03_v1.1_P49.ver1.0.g439860.p01          -          LRRNT_2              PF08263.17   9.5e-11   40.8   0.2   2.3e-10   39.6   0.2   1.7   1   0   0   1   1   1   1 | SP+TM
VITVvi_vZin03_v1.1_H000057F_007.ver1.0.g098700.p01 -          LRRNT_2              PF08263.17   9.7e-11   40.8   0.2   2.3e-10   39.6   0.2   1.7   1   0   0   1   1   1   1 | SP+TM
VITVvi_vZin03_v1.1_P41.ver1.0.g414090.p01          -          LRRNT_2              PF08263.17   1.1e-10   40.6   0.4   2.5e-10   39.5   0.4   1.6   1   0   0   1   1   1   1 | SP+TM
VITVvi_vZin03_v1.1_P365.ver1.0.g392630.p01         -          LRRNT_2              PF08263.17   1.1e-10   40.6   2.4   2.5e-10   39.5   1.4   2.1   2   0   0   2   2   1   1 | SP+TM
VITVvi_vZin03_v1.1_P114.ver1.0.g228830.p01         -          LRRNT_2              PF08263.17   1.2e-10   40.5   0.3   3.3e-10   39.1   0.3   1.8   1   0   0   1   1   1   1 | SP+TM
VITVvi_vZin03_v1.1_P53.ver1.0.g456630.p01          -          LRRNT_2              PF08263.17   1.3e-10   40.4   1.5   1.3e-10   40.4   1.5   2.4   2   0   0   2   2   1   1 | SP+TM
VITVvi_vZin03_v1.1_H000120F_006.ver1.0.g136650.p01 -          LRRNT_2              PF08263.17   1.6e-10   40.1   2.7     3e-10   39.3   2.7   1.4   1   0   0   1   1   1   1 | SP+TM
VITVvi_vZin03_v1.1_P193.ver1.0.g307010.p01         -          LRRNT_2              PF08263.17   1.7e-10   40.1   1.4   3.7e-10   38.9   1.4   1.7   1   0   0   1   1   1   1 | SP+TM
VITVvi_vZin03_v1.1_P88.ver1.0.g518590.p01          -          LRRNT_2              PF08263.17   1.7e-10   40.1   1.4   3.7e-10   38.9   1.4   1.7   1   0   0   1   1   1   1 | SP+TM
VITVvi_vZin03_v1.1_H000019F_012.ver1.0.g053440.p01 -          LRRNT_2              PF08263.17   1.7e-10   40.1   1.0   3.9e-10   38.9   1.0   1.6   1   0   0   1   1   1   1 | SP+TM
VITVvi_vZin03_v1.1_P31.ver1.0.g374080.p01          -          LRRNT_2              PF08263.17   1.7e-10   40.0   0.1   3.7e-10   38.9   0.1   1.6   1   0   0   1   1   1   1 | SP+TM
VITVvi_vZin03_v1.1_P26.ver1.0.g347400.p01          -          LRRNT_2              PF08263.17     2e-10   39.8   2.3   4.6e-10   38.7   1.4   2.1   2   0   0   2   2   1   1 | SP+TM
VITVvi_vZin03_v1.1_P365.ver1.0.g392600.p01         -          LRRNT_2              PF08263.17     2e-10   39.8   1.2   5.9e-10   38.3   0.6   2.0   2   0   0   2   2   1   1 | SP+TM
VITVvi_vZin03_v1.1_H000029F_011.ver1.0.g067740.p01 -          LRRNT_2              PF08263.17   2.1e-10   39.8   0.8     5e-10   38.5   0.8   1.7   1   0   0   1   1   1   1 | SP
VITVvi_vZin03_v1.1_P114.ver1.0.g228770.p01         -          LRRNT_2              PF08263.17   2.1e-10   39.8   0.5   6.7e-10   38.1   0.5   2.0   1   0   0   1   1   1   1 | SP
VITVvi_vZin03_v1.1_P14.ver1.0.g253620.p01          -          LRRNT_2              PF08263.17   2.1e-10   39.7   1.4   5.8e-10   38.3   1.4   1.8   1   0   0   1   1   1   1 | SP+TM
VITVvi_vZin03_v1.1_H000040F_002.ver1.0.g075950.p01 -          LRRNT_2              PF08263.17   2.2e-10   39.7   0.3   4.6e-10   38.6   0.3   1.6   1   0   0   1   1   1   1 | SP+TM
VITVvi_vZin03_v1.1_P34.ver1.0.g384560.p01          -          LRRNT_2              PF08263.17   2.2e-10   39.7   0.3   4.6e-10   38.6   0.3   1.6   1   0   0   1   1   1   1 | SP+TM
VITVvi_vZin03_v1.1_P240.ver1.0.g338640.p01         -          LRRNT_2              PF08263.17   2.4e-10   39.5   0.5     1e-09   37.5   0.5   2.2   1   0   0   1   1   1   1 | SP
VITVvi_vZin03_v1.1_H000120F_003.ver1.0.g135830.p01 -          LRRNT_2              PF08263.17   2.5e-10   39.5   3.2   4.7e-10   38.6   3.2   1.5   1   0   0   1   1   1   1 | TM
VITVvi_vZin03_v1.1_H000122F_003.ver1.0.g137770.p01 -          LRRNT_2              PF08263.17   2.8e-10   39.4   2.2   7.5e-10   38.0   2.2   1.8   1   0   0   1   1   1   1 | SP+TM
VITVvi_vZin03_v1.1_H000084F_004.ver1.0.g118310.p01 -          LRRNT_2              PF08263.17   2.8e-10   39.3  22.2   1.7e-08   33.6   4.4   3.0   3   0   0   3   3   2   2 | SP
VITVvi_vZin03_v1.1_H000084F_004.ver1.0.g118320.p01 -          LRRNT_2              PF08263.17   2.9e-10   39.3  13.1   4.1e-09   35.6  13.1   2.6   1   1   0   1   1   1   1 | SP
VITVvi_vZin03_v1.1_H000125F_002.ver1.0.g138310.p01 -          LRRNT_2              PF08263.17   3.7e-10   39.0   2.1   5.1e-10   38.5   0.4   2.3   3   0   0   3   3   1   1 | SP+TM
VITVvi_vZin03_v1.1_P2.ver1.0.g309570.p01           -          LRRNT_2              PF08263.17   3.7e-10   39.0   2.9   7.2e-10   38.0   2.9   1.5   1   0   0   1   1   1   1 | SP
VITVvi_vZin03_v1.1_P110.ver1.0.g224780.p01         -          LRRNT_2              PF08263.17   3.7e-10   38.9   2.1   5.1e-10   38.5   0.4   2.3   3   0   0   3   3   1   1 | SP+TM
VITVvi_vZin03_v1.1_P104.ver1.0.g215620.p01         -          LRRNT_2              PF08263.17   3.8e-10   38.9   0.3   9.7e-10   37.6   0.3   1.8   1   0   0   1   1   1   1 | SP+TM
VITVvi_vZin03_v1.1_H000086F_006.ver1.0.g120450.p01 -          LRRNT_2              PF08263.17   3.8e-10   38.9   2.2   1.2e-09   37.3   2.2   2.0   1   0   0   1   1   1   1 | SP+TM
VITVvi_vZin03_v1.1_P73.ver1.0.g495410.p01          -          LRRNT_2              PF08263.17   3.9e-10   38.9   2.2   1.2e-09   37.3   2.2   2.0   1   0   0   1   1   1   1 | SP+TM
VITVvi_vZin03_v1.1_P26.ver1.0.g347440.p01          -          LRRNT_2              PF08263.17   3.9e-10   38.9   1.6   9.4e-10   37.7   0.6   2.2   2   0   0   2   2   1   1 | SP+TM
VITVvi_vZin03_v1.1_P489.ver1.0.g438880.p01         -          LRRNT_2              PF08263.17     4e-10   38.9   0.2   8.8e-10   37.7   0.2   1.6   1   0   0   1   1   1   1 | SP+TM
VITVvi_vZin03_v1.1_P312.ver1.0.g376060.p01         -          LRRNT_2              PF08263.17   4.4e-10   38.7   0.5   1.3e-09   37.2   0.5   1.9   1   0   0   1   1   1   1 | SP+TM
VITVvi_vZin03_v1.1_P371.ver1.0.g395020.p01         -          LRRNT_2              PF08263.17     5e-10   38.5   0.2   1.2e-09   37.3   0.2   1.8   1   0   0   1   1   1   1 | SP
VITVvi_vZin03_v1.1_P1.ver1.0.g208460.p01           -          LRRNT_2              PF08263.17     5e-10   38.5   0.2   1.4e-09   37.1   0.2   1.8   1   0   0   1   1   1   1 | SP+TM
VITVvi_vZin03_v1.1_P133.ver1.0.g248720.p01         -          LRRNT_2              PF08263.17   5.4e-10   38.4   0.6     1e-09   37.5   0.6   1.5   1   0   0   1   1   1   1 | SP+TM
VITVvi_vZin03_v1.1_P249.ver1.0.g341360.p01         -          LRRNT_2              PF08263.17   5.5e-10   38.4   1.9   6.3e-10   38.2   0.2   2.1   2   0   0   2   2   1   1 | SP+TM
VITVvi_vZin03_v1.1_H000084F_006.ver1.0.g118420.p01 -          LRRNT_2              PF08263.17     6e-10   38.3   3.9   1.7e-09   36.8   3.9   1.9   1   0   0   1   1   1   1 | SP+TM
VITVvi_vZin03_v1.1_P477.ver1.0.g436510.p01         -          LRRNT_2              PF08263.17   7.1e-10   38.1   2.3   7.4e-10   38.0   0.3   2.2   2   0   0   2   2   1   1 | SP+TM
VITVvi_vZin03_v1.1_P225.ver1.0.g329790.p01         -          LRRNT_2              PF08263.17   7.4e-10   38.0   5.5   2.5e-09   36.3   5.5   2.0   1   0   0   1   1   1   1 | SP+TM
VITVvi_vZin03_v1.1_P301.ver1.0.g371810.p01         -          LRRNT_2              PF08263.17   7.9e-10   37.9   0.5   7.9e-10   37.9   0.5   2.4   2   0   0   2   2   1   1 | SP+TM
VITVvi_vZin03_v1.1_P516.ver1.0.g449980.p01         -          LRRNT_2              PF08263.17   8.6e-10   37.8   1.2   1.5e-09   37.0   1.2   1.4   1   0   0   1   1   1   1 | SP
VITVvi_vZin03_v1.1_H000028F_009.ver1.0.g066050.p01 -          LRRNT_2              PF08263.17   8.8e-10   37.7   1.6     2e-09   36.6   1.6   1.7   1   0   0   1   1   1   1 | SP
VITVvi_vZin03_v1.1_P26.ver1.0.g346540.p01          -          LRRNT_2              PF08263.17     1e-09   37.6   1.0   3.4e-09   35.9   1.0   2.0   1   0   0   1   1   1   1 | SP+TM
VITVvi_vZin03_v1.1_P28.ver1.0.g356210.p01          -          LRRNT_2              PF08263.17     1e-09   37.6   3.2   5.1e-09   35.3   1.6   2.9   3   0   0   3   3   1   1 | SP+TM
VITVvi_vZin03_v1.1_H000214F_005.ver1.0.g172290.p01 -          LRRNT_2              PF08263.17     1e-09   37.5   1.0     1e-09   37.5   1.0   2.1   2   0   0   2   2   1   1 | SP+TM
VITVvi_vZin03_v1.1_H000029F_011.ver1.0.g067750.p01 -          LRRNT_2              PF08263.17   1.1e-09   37.5   1.0   3.6e-09   35.8   1.0   2.0   1   0   0   1   1   1   1 | SP+TM
VITVvi_vZin03_v1.1_P201.ver1.0.g317190.p01         -          LRRNT_2              PF08263.17   1.2e-09   37.3   7.8   5.2e-05   22.5   0.6   3.7   3   0   0   3   3   2   2 | SP+TM
VITVvi_vZin03_v1.1_P140.ver1.0.g257870.p01         -          LRRNT_2              PF08263.17   1.2e-09   37.3   2.5     3e-09   36.1   2.5   1.6   1   0   0   1   1   1   1 | SP+TM
VITVvi_vZin03_v1.1_P1.ver1.0.g200810.p01           -          LRRNT_2              PF08263.17   1.3e-09   37.2  15.9   4.3e-09   35.5  13.1   3.0   2   1   0   2   2   1   1 | SP
VITVvi_vZin03_v1.1_P85.ver1.0.g511410.p01          -          LRRNT_2              PF08263.17   1.4e-09   37.1   0.3   1.4e-09   37.1   0.3   1.9   2   0   0   2   2   1   1 | SP
VITVvi_vZin03_v1.1_P6.ver1.0.g471960.p01           -          LRRNT_2              PF08263.17   1.5e-09   37.0   0.0   4.4e-09   35.5   0.0   1.9   1   0   0   1   1   1   1 | TM
VITVvi_vZin03_v1.1_H000005F_004.ver1.0.g020790.p01 -          LRRNT_2              PF08263.17   1.5e-09   37.0   0.0   4.4e-09   35.5   0.0   1.9   1   0   0   1   1   1   1 | TM
VITVvi_vZin03_v1.1_P80.ver1.0.g503650.p01          -          LRRNT_2              PF08263.17   1.5e-09   37.0   0.2   3.3e-09   35.9   0.2   1.6   1   0   0   1   1   1   1 | SP+TM
VITVvi_vZin03_v1.1_P456.ver1.0.g429780.p01         -          LRRNT_2              PF08263.17   1.6e-09   37.0   0.3   4.5e-09   35.5   0.3   1.9   1   0   0   1   1   1   1 | SP+TM
VITVvi_vZin03_v1.1_P298.ver1.0.g364070.p01         -          LRRNT_2              PF08263.17   1.7e-09   36.9   3.3   5.6e-09   35.2   3.3   2.0   1   0   0   1   1   1   1 | SP+TM
VITVvi_vZin03_v1.1_P2.ver1.0.g309650.p01           -          LRRNT_2              PF08263.17   1.7e-09   36.8   2.0   4.7e-09   35.4   2.0   1.8   1   0   0   1   1   1   1 | SP+TM
VITVvi_vZin03_v1.1_P405.ver1.0.g413070.p01         -          LRRNT_2              PF08263.17   1.7e-09   36.8   1.8   3.7e-09   35.8   1.8   1.6   1   0   0   1   1   1   1 | SP
VITVvi_vZin03_v1.1_P61.ver1.0.g474830.p01          -          LRRNT_2              PF08263.17   1.8e-09   36.8   2.3   4.5e-09   35.5   2.3   1.7   1   0   0   1   1   1   1 | SP
VITVvi_vZin03_v1.1_P298.ver1.0.g364100.p01         -          LRRNT_2              PF08263.17     2e-09   36.6   1.5   6.3e-09   35.0   1.5   1.9   1   0   0   1   1   1   1 | SP+TM
VITVvi_vZin03_v1.1_H000012F_011.ver1.0.g038790.p01 -          LRRNT_2              PF08263.17   2.2e-09   36.4   2.9     6e-09   35.1   2.9   1.8   1   0   0   1   1   1   1 | SP
VITVvi_vZin03_v1.1_P90.ver1.0.g526480.p01          -          LRRNT_2              PF08263.17   2.3e-09   36.4   0.1   6.2e-09   35.0   0.1   1.8   1   0   0   1   1   1   1 | SP
VITVvi_vZin03_v1.1_H000011F_011.ver1.0.g035870.p01 -          LRRNT_2              PF08263.17   2.4e-09   36.3   0.1   2.4e-09   36.3   0.1   2.0   2   0   0   2   2   1   1 | SP
VITVvi_vZin03_v1.1_P11.ver1.0.g221810.p01          -          LRRNT_2              PF08263.17   2.4e-09   36.3   0.1   2.4e-09   36.3   0.1   2.0   2   0   0   2   2   1   1 | SP
VITVvi_vZin03_v1.1_P73.ver1.0.g495380.p01          -          LRRNT_2              PF08263.17   2.5e-09   36.3   1.5     7e-09   34.9   1.5   1.9   1   0   0   1   1   1   1 | SP+TM
VITVvi_vZin03_v1.1_H000412F_001.ver1.0.g192250.p01 -          LRRNT_2              PF08263.17   2.5e-09   36.3   0.2     1e-08   34.3   0.2   2.1   1   0   0   1   1   1   1 | SP+TM
VITVvi_vZin03_v1.1_P152.ver1.0.g271120.p01         -          LRRNT_2              PF08263.17   2.5e-09   36.3   0.2   2.5e-09   36.3   0.2   2.0   2   0   0   2   2   1   1 | SP+TM
VITVvi_vZin03_v1.1_P24.ver1.0.g337510.p01          -          LRRNT_2              PF08263.17   2.6e-09   36.3   0.8   5.4e-09   35.2   0.2   2.0   2   0   0   2   2   1   1 | SP
VITVvi_vZin03_v1.1_P312.ver1.0.g376040.p01         -          LRRNT_2              PF08263.17   2.6e-09   36.3   0.2     1e-08   34.3   0.2   2.1   1   0   0   1   1   1   1 | SP+TM
VITVvi_vZin03_v1.1_P152.ver1.0.g270960.p01         -          LRRNT_2              PF08263.17   2.7e-09   36.2   0.5   1.1e-08   34.3   0.1   2.3   2   0   0   2   2   1   1 | TM
VITVvi_vZin03_v1.1_P125.ver1.0.g241040.p01         -          LRRNT_2              PF08263.17   2.7e-09   36.2   2.8   7.1e-09   34.8   2.8   1.8   1   0   0   1   1   1   1 | SP+TM
VITVvi_vZin03_v1.1_H000012F_008.ver1.0.g038420.p01 -          LRRNT_2              PF08263.17   2.7e-09   36.2   2.9   6.6e-09   34.9   2.9   1.7   1   0   0   1   1   1   1 | SP
VITVvi_vZin03_v1.1_H000086F_006.ver1.0.g120420.p01 -          LRRNT_2              PF08263.17   2.7e-09   36.2   1.5   7.2e-09   34.8   1.5   1.8   1   0   0   1   1   1   1 | SP+TM
VITVvi_vZin03_v1.1_P64.ver1.0.g480270.p01          -          LRRNT_2              PF08263.17   3.3e-09   35.9   1.3   7.7e-09   34.7   1.3   1.7   1   0   0   1   1   1   1 | SP+TM
VITVvi_vZin03_v1.1_P440.ver1.0.g426510.p01         -          LRRNT_2              PF08263.17   3.4e-09   35.8   0.2     1e-08   34.3   0.2   1.9   1   0   0   1   1   1   1 | SP
VITVvi_vZin03_v1.1_P658.ver1.0.g481470.p01         -          LRRNT_2              PF08263.17   4.1e-09   35.6   0.1   1.6e-08   33.7   0.1   2.2   1   0   0   1   1   1   1 | TM
VITVvi_vZin03_v1.1_P440.ver1.0.g426490.p01         -          LRRNT_2              PF08263.17   4.5e-09   35.5   0.8   1.5e-08   33.8   0.3   2.2   2   0   0   2   2   1   1 | TM
VITVvi_vZin03_v1.1_H000079F_014.ver1.0.g113870.p01 -          LRRNT_2              PF08263.17   4.6e-09   35.5   0.1   1.1e-08   34.2   0.1   1.7   1   0   0   1   1   1   1 | SP+TM
VITVvi_vZin03_v1.1_H000188F_003.ver1.0.g164510.p01 -          LRRNT_2              PF08263.17   4.8e-09   35.4   1.0   4.8e-09   35.4   1.0   2.4   2   0   0   2   2   1   1 | TM
VITVvi_vZin03_v1.1_P2.ver1.0.g309580.p01           -          LRRNT_2              PF08263.17     5e-09   35.3   2.5   9.6e-09   34.4   2.5   1.5   1   0   0   1   1   1   1 | SP
VITVvi_vZin03_v1.1_P111.ver1.0.g225050.p01         -          LRRNT_2              PF08263.17   5.5e-09   35.2   2.3   9.7e-09   34.4   0.3   2.3   2   0   0   2   2   1   1 | SP+TM
VITVvi_vZin03_v1.1_P5.ver1.0.g445190.p01           -          LRRNT_2              PF08263.17   5.9e-09   35.1   0.1   2.5e-08   33.1   0.1   2.2   1   0   0   1   1   1   1 | SP+TM
VITVvi_vZin03_v1.1_P398.ver1.0.g403160.p01         -          LRRNT_2              PF08263.17   5.9e-09   35.1   0.3   2.1e-08   33.4   0.1   2.1   2   0   0   2   2   1   1 | TM
VITVvi_vZin03_v1.1_P122.ver1.0.g239360.p01         -          LRRNT_2              PF08263.17   6.1e-09   35.1   0.7   1.5e-08   33.8   0.7   1.6   1   0   0   1   1   1   1 | SP
VITVvi_vZin03_v1.1_H000041F_010.ver1.0.g076650.p01 -          LRRNT_2              PF08263.17   6.4e-09   35.0   0.5   6.4e-09   35.0   0.5   2.0   2   0   0   2   2   1   1 | SP+TM
VITVvi_vZin03_v1.1_P36.ver1.0.g390290.p01          -          LRRNT_2              PF08263.17   6.4e-09   35.0   0.5   6.4e-09   35.0   0.5   2.0   2   0   0   2   2   1   1 | SP+TM
VITVvi_vZin03_v1.1_P2.ver1.0.g309610.p01           -          LRRNT_2              PF08263.17   6.6e-09   34.9   2.2   1.4e-08   33.9   2.2   1.6   1   0   0   1   1   1   1 | SP
VITVvi_vZin03_v1.1_P68.ver1.0.g484920.p01          -          LRRNT_2              PF08263.17   7.3e-09   34.8   0.1   1.8e-08   33.6   0.1   1.7   1   0   0   1   1   1   1 | SP+TM
VITVvi_vZin03_v1.1_H000155F_004.ver1.0.g153220.p01 -          LRRNT_2              PF08263.17   7.8e-09   34.7   0.4   7.8e-09   34.7   0.4   2.3   2   0   0   2   2   1   1 | SP+TM
VITVvi_vZin03_v1.1_P27.ver1.0.g351500.p01          -          LRRNT_2              PF08263.17   7.8e-09   34.7   0.4   7.8e-09   34.7   0.4   2.3   2   0   0   2   2   1   1 | SP+TM
VITVvi_vZin03_v1.1_H000230F_001.ver1.0.g175090.p01 -          LRRNT_2              PF08263.17   7.9e-09   34.7   2.5   2.3e-08   33.2   2.5   1.9   1   0   0   1   1   1   1 | SP+TM
VITVvi_vZin03_v1.1_P402.ver1.0.g412650.p01         -          LRRNT_2              PF08263.17   8.3e-09   34.6   2.2   2.1e-08   33.3   2.2   1.8   1   0   0   1   1   1   1 | SP
VITVvi_vZin03_v1.1_P26.ver1.0.g346530.p01          -          LRRNT_2              PF08263.17   8.8e-09   34.6   0.8   2.2e-08   33.3   0.8   1.7   1   0   0   1   1   1   1 | SP
VITVvi_vZin03_v1.1_P85.ver1.0.g512570.p01          -          LRRNT_2              PF08263.17   9.1e-09   34.5   0.6   1.6e-08   33.7   0.6   1.4   1   0   0   1   1   1   1 | SP+TM
VITVvi_vZin03_v1.1_P58.ver1.0.g464310.p01          -          LRRNT_2              PF08263.17   9.9e-09   34.4   3.7   2.4e-08   33.1   3.7   1.7   1   0   0   1   1   1   1 | SP
VITVvi_vZin03_v1.1_P56.ver1.0.g461560.p01          -          LRRNT_2              PF08263.17     1e-08   34.3   1.6   2.7e-08   33.0   1.6   1.8   1   0   0   1   1   1   1 | SP+TM
VITVvi_vZin03_v1.1_H000464F_001.ver1.0.g194380.p01 -          LRRNT_2              PF08263.17     1e-08   34.3   0.2     1e-08   34.3   0.2   2.3   3   0   0   3   3   1   1 | TM
VITVvi_vZin03_v1.1_P135.ver1.0.g250090.p01         -          LRRNT_2              PF08263.17   1.1e-08   34.2   0.0   3.5e-08   32.6   0.0   1.9   1   0   0   1   1   1   1 | SP+TM
VITVvi_vZin03_v1.1_P298.ver1.0.g364010.p01         -          LRRNT_2              PF08263.17   1.2e-08   34.1   2.2   3.4e-08   32.7   2.2   1.9   1   0   0   1   1   1   1 | TM
VITVvi_vZin03_v1.1_H000164F_003.ver1.0.g155800.p01 -          LRRNT_2              PF08263.17   1.2e-08   34.1   0.0   3.5e-08   32.6   0.0   1.9   1   0   0   1   1   1   1 | SP+TM
VITVvi_vZin03_v1.1_H000001F_014.ver1.0.g003260.p01 -          LRRNT_2              PF08263.17   1.2e-08   34.1   0.9   1.2e-08   34.1   0.9   2.8   3   0   0   3   3   1   1 | SP+TM
VITVvi_vZin03_v1.1_P2.ver1.0.g312000.p01           -          LRRNT_2              PF08263.17   1.2e-08   34.1   0.9   1.2e-08   34.1   0.9   2.8   3   0   0   3   3   1   1 | SP+TM
VITVvi_vZin03_v1.1_H000135F_008.ver1.0.g143140.p01 -          LRRNT_2              PF08263.17   1.3e-08   34.0   2.3   2.5e-08   33.1   0.3   2.3   2   0   0   2   2   1   1 | SP+TM
VITVvi_vZin03_v1.1_P152.ver1.0.g270980.p01         -          LRRNT_2              PF08263.17   1.3e-08   34.0   0.3   1.3e-08   34.0   0.3   2.4   3   0   0   3   3   1   1 | TM
VITVvi_vZin03_v1.1_P279.ver1.0.g355830.p01         -          LRRNT_2              PF08263.17   1.5e-08   33.8   1.6   3.3e-08   32.7   1.6   1.6   1   0   0   1   1   1   1 | SP+TM
VITVvi_vZin03_v1.1_H000074F_005.ver1.0.g111180.p01 -          LRRNT_2              PF08263.17   1.6e-08   33.8   3.6   3.6e-08   32.6   3.6   1.7   1   0   0   1   1   1   1 | SP
VITVvi_vZin03_v1.1_P1.ver1.0.g208420.p01           -          LRRNT_2              PF08263.17   1.6e-08   33.7   0.7   3.9e-08   32.5   0.7   1.7   1   0   0   1   1   1   1 | SP+TM
VITVvi_vZin03_v1.1_P494.ver1.0.g441420.p01         -          LRRNT_2              PF08263.17   1.8e-08   33.5   0.4   3.9e-08   32.5   0.4   1.5   1   0   0   1   1   1   1 | SP
VITVvi_vZin03_v1.1_P150.ver1.0.g269620.p01         -          LRRNT_2              PF08263.17     2e-08   33.4   1.6   9.6e-08   31.2   1.6   2.3   2   0   0   2   2   1   1 | SP+TM
VITVvi_vZin03_v1.1_P407.ver1.0.g413230.p01         -          LRRNT_2              PF08263.17     2e-08   33.4   0.3     2e-08   33.4   0.3   2.2   3   0   0   3   3   1   1 | TM
VITVvi_vZin03_v1.1_P409.ver1.0.g413660.p01         -          LRRNT_2              PF08263.17   2.3e-08   33.2   3.5   5.7e-08   32.0   3.5   1.7   1   0   0   1   1   1   1 | SP+TM
VITVvi_vZin03_v1.1_H000181F_005.ver1.0.g161380.p01 -          LRRNT_2              PF08263.17   2.3e-08   33.2   1.6   9.3e-08   31.3   1.6   2.2   2   0   0   2   2   1   1 | SP+TM
VITVvi_vZin03_v1.1_P128.ver1.0.g241860.p01         -          LRRNT_2              PF08263.17   2.5e-08   33.1   2.7   7.7e-08   31.5   2.7   1.9   1   0   0   1   1   1   1 | SP+TM
VITVvi_vZin03_v1.1_P14.ver1.0.g253590.p01          -          LRRNT_2              PF08263.17   2.8e-08   32.9   2.5   6.9e-08   31.7   2.5   1.7   1   0   0   1   1   1   1 | SP+TM
VITVvi_vZin03_v1.1_P66.ver1.0.g481640.p01          -          LRRNT_2              PF08263.17   3.4e-08   32.7   3.6   8.9e-08   31.3   3.6   1.8   1   0   0   1   1   1   1 | SP+TM
VITVvi_vZin03_v1.1_P128.ver1.0.g241870.p01         -          LRRNT_2              PF08263.17   3.5e-08   32.6   3.1   9.2e-08   31.3   3.1   1.7   1   0   0   1   1   1   1 | SP+TM
VITVvi_vZin03_v1.1_P120.ver1.0.g237100.p01         -          LRRNT_2              PF08263.17   3.8e-08   32.5   3.4   1.1e-07   31.1   3.4   1.8   1   0   0   1   1   1   1 | SP+TM
VITVvi_vZin03_v1.1_H000067F_008.ver1.0.g107850.p01 -          LRRNT_2              PF08263.17   3.8e-08   32.5   3.7   1.1e-07   31.0   3.7   1.9   1   0   0   1   1   1   1 | SP+TM
VITVvi_vZin03_v1.1_P272.ver1.0.g353770.p01         -          LRRNT_2              PF08263.17   3.8e-08   32.5   0.5   3.8e-08   32.5   0.5   2.2   2   0   0   2   2   1   1 | SP
VITVvi_vZin03_v1.1_H000031F_003.ver1.0.g067950.p01 -          LRRNT_2              PF08263.17     4e-08   32.4   0.5     4e-08   32.4   0.5   2.1   2   0   0   2   2   1   1 | SP+TM
VITVvi_vZin03_v1.1_P32.ver1.0.g377930.p01          -          LRRNT_2              PF08263.17     4e-08   32.4   0.5     4e-08   32.4   0.5   2.1   2   0   0   2   2   1   1 | SP+TM
VITVvi_vZin03_v1.1_P272.ver1.0.g353680.p01         -          LRRNT_2              PF08263.17   4.2e-08   32.4   1.8   1.1e-07   31.1   1.8   1.7   1   0   0   1   1   1   1 | SP
VITVvi_vZin03_v1.1_H000318F_005.ver1.0.g187610.p01 -          LRRNT_2              PF08263.17   4.3e-08   32.3   8.7    0.0004   19.6   0.6   3.2   3   0   0   3   3   2   2 | SP+TM
VITVvi_vZin03_v1.1_H000084F_004.ver1.0.g118330.p01 -          LRRNT_2              PF08263.17   4.5e-08   32.3  11.1   4.3e-07   29.2  11.1   2.5   1   1   0   1   1   1   1 | SP
VITVvi_vZin03_v1.1_H000029F_002.ver1.0.g066670.p01 -          LRRNT_2              PF08263.17   4.5e-08   32.3   2.6   7.3e-08   31.6   0.8   2.4   2   0   0   2   2   1   1 | SP+TM
VITVvi_vZin03_v1.1_H000110F_013.ver1.0.g133630.p01 -          LRRNT_2              PF08263.17   4.6e-08   32.2   1.4   4.6e-08   32.2   1.4   2.7   3   0   0   3   3   1   1 | SP
VITVvi_vZin03_v1.1_P89.ver1.0.g519300.p01          -          LRRNT_2              PF08263.17   4.7e-08   32.2   1.4   4.7e-08   32.2   1.4   2.7   3   0   0   3   3   1   1 | SP
VITVvi_vZin03_v1.1_H000080F_012.ver1.0.g115650.p01 -          LRRNT_2              PF08263.17   4.7e-08   32.2   0.3   1.9e-07   30.3   0.3   2.2   1   0   0   1   1   1   1 | SP+TM
VITVvi_vZin03_v1.1_P224.ver1.0.g329700.p01         -          LRRNT_2              PF08263.17   4.9e-08   32.2   5.0   1.1e-07   31.1   5.0   1.6   1   0   0   1   1   1   1 | SP+TM
VITVvi_vZin03_v1.1_P279.ver1.0.g355790.p01         -          LRRNT_2              PF08263.17   4.9e-08   32.2   2.4   1.3e-07   30.8   2.4   1.8   1   0   0   1   1   1   1 | SP+TM
VITVvi_vZin03_v1.1_H000008F_010.ver1.0.g029150.p01 -          LRRNT_2              PF08263.17   5.2e-08   32.1   0.2     1e-07   31.1   0.2   1.5   1   0   0   1   1   1   1 | SP
VITVvi_vZin03_v1.1_P272.ver1.0.g353600.p01         -          LRRNT_2              PF08263.17   5.3e-08   32.1   0.8   1.4e-07   30.7   0.8   1.8   1   0   0   1   1   1   1 | SP
VITVvi_vZin03_v1.1_H000286F_002.ver1.0.g184330.p01 -          LRRNT_2              PF08263.17   5.6e-08   32.0   4.9   1.2e-07   30.9   4.9   1.6   1   0   0   1   1   1   1 | SP+TM
VITVvi_vZin03_v1.1_P53.ver1.0.g453660.p01          -          LRRNT_2              PF08263.17   5.9e-08   31.9   2.2   1.7e-07   30.4   2.2   1.9   1   0   0   1   1   1   1 | SP+TM
VITVvi_vZin03_v1.1_P272.ver1.0.g353490.p01         -          LRRNT_2              PF08263.17   5.9e-08   31.9   1.0   1.7e-07   30.5   1.0   1.8   1   0   0   1   1   1   1 | SP+TM
VITVvi_vZin03_v1.1_P272.ver1.0.g353470.p01         -          LRRNT_2              PF08263.17   5.9e-08   31.9   0.6   1.7e-07   30.4   0.6   1.8   1   0   0   1   1   1   1 | SP
VITVvi_vZin03_v1.1_P272.ver1.0.g353670.p01         -          LRRNT_2              PF08263.17     6e-08   31.9   1.0   1.7e-07   30.4   1.0   1.8   1   0   0   1   1   1   1 | SP+TM
VITVvi_vZin03_v1.1_H000121F_001.ver1.0.g136960.p01 -          LRRNT_2              PF08263.17   6.1e-08   31.8   0.3   1.3e-07   30.8   0.3   1.6   1   0   0   1   1   1   1 | SP+TM
VITVvi_vZin03_v1.1_P98.ver1.0.g533280.p01          -          LRRNT_2              PF08263.17   6.1e-08   31.8   0.3   1.3e-07   30.8   0.3   1.6   1   0   0   1   1   1   1 | SP+TM
VITVvi_vZin03_v1.1_H000443F_002.ver1.0.g193500.p01 -          LRRNT_2              PF08263.17   6.2e-08   31.8   0.6   1.3e-07   30.8   0.6   1.5   1   0   0   1   1   1   1 | SP
VITVvi_vZin03_v1.1_P26.ver1.0.g346160.p01          -          LRRNT_2              PF08263.17   6.5e-08   31.8   0.5   1.1e-07   31.0   0.5   1.4   1   0   0   1   1   1   1 | SP+TM
VITVvi_vZin03_v1.1_P221.ver1.0.g328430.p01         -          LRRNT_2              PF08263.17   6.5e-08   31.8   0.5   1.1e-07   31.0   0.5   1.4   1   0   0   1   1   1   1 | SP+TM
VITVvi_vZin03_v1.1_P85.ver1.0.g510490.p01          -          LRRNT_2              PF08263.17   6.6e-08   31.7   1.0   1.6e-07   30.5   1.0   1.7   1   0   0   1   1   1   1 | SP
VITVvi_vZin03_v1.1_P3.ver1.0.g364430.p01           -          LRRNT_2              PF08263.17   6.9e-08   31.7   8.8   4.1e-07   29.2   8.8   2.3   1   1   0   1   1   1   1 | SP
VITVvi_vZin03_v1.1_P120.ver1.0.g237090.p01         -          LRRNT_2              PF08263.17   6.9e-08   31.7   2.8   1.7e-07   30.4   2.8   1.7   1   0   0   1   1   1   1 | SP+TM
VITVvi_vZin03_v1.1_P287.ver1.0.g360850.p01         -          LRRNT_2              PF08263.17   7.4e-08   31.6   0.1   2.1e-07   30.2   0.1   1.9   1   0   0   1   1   1   1 | SP+TM
VITVvi_vZin03_v1.1_P272.ver1.0.g353760.p01         -          LRRNT_2              PF08263.17   7.5e-08   31.6   2.0   1.9e-07   30.3   2.0   1.7   1   0   0   1   1   1   1 | SP
VITVvi_vZin03_v1.1_H000027F_008.ver1.0.g063870.p01 -          LRRNT_2              PF08263.17   7.6e-08   31.5   0.6   7.6e-08   31.5   0.6   2.4   2   0   0   2   2   1   1 | TM
VITVvi_vZin03_v1.1_P298.ver1.0.g364000.p01         -          LRRNT_2              PF08263.17   8.5e-08   31.4   2.4   2.5e-07   29.9   2.4   1.9   1   0   0   1   1   1   1 | SP+TM
VITVvi_vZin03_v1.1_P405.ver1.0.g413060.p01         -          LRRNT_2              PF08263.17   9.1e-08   31.3   3.6   2.4e-07   29.9   3.6   1.7   1   0   0   1   1   1   1 | SP+TM
VITVvi_vZin03_v1.1_P73.ver1.0.g495430.p01          -          LRRNT_2              PF08263.17     1e-07   31.2   3.6   2.6e-07   29.8   3.6   1.7   1   0   0   1   1   1   1 | SP+TM
VITVvi_vZin03_v1.1_P58.ver1.0.g464900.p01          -          LRRNT_2              PF08263.17     1e-07   31.2   1.1     1e-07   31.2   1.1   2.3   3   0   0   3   3   1   1 | SP+TM
VITVvi_vZin03_v1.1_P714.ver1.0.g493080.p01         -          LRRNT_2              PF08263.17   1.1e-07   31.1   1.3   2.7e-07   29.8   1.3   1.8   1   0   0   1   1   1   1 | SP
VITVvi_vZin03_v1.1_P361.ver1.0.g391890.p01         -          LRRNT_2              PF08263.17   1.1e-07   31.0   0.5   5.3e-07   28.9   0.1   2.3   2   0   0   2   2   1   1 | SP+TM
VITVvi_vZin03_v1.1_P408.ver1.0.g413520.p01         -          LRRNT_2              PF08263.17   1.1e-07   31.0   0.5   5.3e-07   28.9   0.1   2.3   2   0   0   2   2   1   1 | SP+TM
VITVvi_vZin03_v1.1_P25.ver1.0.g342450.p01          -          LRRNT_2              PF08263.17   1.2e-07   30.9   0.6   1.2e-07   30.9   0.6   2.3   2   0   0   2   2   1   1 | TM
VITVvi_vZin03_v1.1_P272.ver1.0.g353660.p01         -          LRRNT_2              PF08263.17   1.2e-07   30.9   1.0   2.9e-07   29.7   1.0   1.7   1   0   0   1   1   1   1 | SP+TM
VITVvi_vZin03_v1.1_P124.ver1.0.g240640.p01         -          LRRNT_2              PF08263.17   1.3e-07   30.9   0.6   8.7e-07   28.2   0.6   2.6   1   0   0   1   1   1   1 | SP
VITVvi_vZin03_v1.1_H000012F_015.ver1.0.g039350.p01 -          LRRNT_2              PF08263.17   1.3e-07   30.8   0.6   4.1e-07   29.2   0.6   1.9   1   0   0   1   1   1   1 | SP+TM
VITVvi_vZin03_v1.1_P53.ver1.0.g454220.p01          -          LRRNT_2              PF08263.17   1.4e-07   30.7   0.7   3.9e-07   29.3   0.7   1.8   1   0   0   1   1   1   1 | SP+TM
VITVvi_vZin03_v1.1_P90.ver1.0.g526360.p01          -          LRRNT_2              PF08263.17   1.5e-07   30.6   2.3   3.7e-07   29.3   2.3   1.8   1   0   0   1   1   1   1 | SP+TM
VITVvi_vZin03_v1.1_H000092F_001.ver1.0.g122890.p01 -          LRRNT_2              PF08263.17   1.5e-07   30.6   2.3   3.7e-07   29.3   2.3   1.8   1   0   0   1   1   1   1 | SP+TM
VITVvi_vZin03_v1.1_P157.ver1.0.g275900.p01         -          LRRNT_2              PF08263.17   1.6e-07   30.5   0.7   3.9e-07   29.3   0.7   1.7   1   0   0   1   1   1   1 | SP+TM
VITVvi_vZin03_v1.1_H000027F_017.ver1.0.g065030.p01 -          LRRNT_2              PF08263.17   1.7e-07   30.5   3.7   5.1e-07   28.9   3.7   2.0   1   0   0   1   1   1   1 | SP+TM
VITVvi_vZin03_v1.1_P89.ver1.0.g519140.p01          -          LRRNT_2              PF08263.17   1.8e-07   30.3   0.1   5.2e-07   28.9   0.1   1.9   1   0   0   1   1   1   1 | SP+TM
VITVvi_vZin03_v1.1_P13.ver1.0.g243910.p01          -          LRRNT_2              PF08263.17   1.8e-07   30.3   0.9   5.8e-07   28.7   0.9   1.9   1   0   0   1   1   1   1 | SP+TM
VITVvi_vZin03_v1.1_H000182F_002.ver1.0.g162280.p01 -          LRRNT_2              PF08263.17   1.9e-07   30.3   1.5   1.9e-07   30.3   1.5   2.0   2   0   0   2   2   1   1 | SP
VITVvi_vZin03_v1.1_P73.ver1.0.g495420.p01          -          LRRNT_2              PF08263.17     2e-07   30.2   2.5   5.8e-07   28.7   2.5   1.8   1   0   0   1   1   1   1 | SP+TM
VITVvi_vZin03_v1.1_P16.ver1.0.g278090.p01          -          LRRNT_2              PF08263.17   2.1e-07   30.2   1.8   7.5e-07   28.4   1.8   2.0   1   0   0   1   1   1   1 | SP
VITVvi_vZin03_v1.1_P140.ver1.0.g257840.p01         -          LRRNT_2              PF08263.17   2.1e-07   30.1   0.4   5.4e-07   28.8   0.4   1.7   1   0   0   1   1   1   1 | SP+TM
VITVvi_vZin03_v1.1_H000037F_013.ver1.0.g074380.p01 -          LRRNT_2              PF08263.17   2.2e-07   30.1   0.2     5e-07   28.9   0.2   1.6   1   0   0   1   1   1   1 | SP+TM
VITVvi_vZin03_v1.1_P37.ver1.0.g393910.p01          -          LRRNT_2              PF08263.17   2.2e-07   30.1   0.2     5e-07   28.9   0.2   1.6   1   0   0   1   1   1   1 | SP+TM
VITVvi_vZin03_v1.1_P3.ver1.0.g364460.p01           -          LRRNT_2              PF08263.17   2.2e-07   30.1   9.4   1.4e-06   27.5   9.4   2.3   1   1   0   1   1   1   1 | SP+TM
VITVvi_vZin03_v1.1_H000027F_009.ver1.0.g063990.p01 -          LRRNT_2              PF08263.17   2.4e-07   30.0   5.4   4.5e-07   29.1   5.4   1.5   1   0   0   1   1   1   1 | SP
VITVvi_vZin03_v1.1_H000027F_017.ver1.0.g064950.p01 -          LRRNT_2              PF08263.17   2.5e-07   29.9   2.4     8e-07   28.3   2.4   2.0   1   0   0   1   1   1   1 | SP+TM
VITVvi_vZin03_v1.1_H000027F_017.ver1.0.g065000.p01 -          LRRNT_2              PF08263.17   2.5e-07   29.9   5.4     5e-07   28.9   5.4   1.6   1   0   0   1   1   1   1 | SP
VITVvi_vZin03_v1.1_P25.ver1.0.g342180.p01          -          LRRNT_2              PF08263.17   2.6e-07   29.9   2.4     8e-07   28.3   2.4   2.0   1   0   0   1   1   1   1 | SP+TM
VITVvi_vZin03_v1.1_P279.ver1.0.g355820.p01         -          LRRNT_2              PF08263.17   2.6e-07   29.8   1.7   7.1e-07   28.4   1.7   1.8   1   0   0   1   1   1   1 | SP+TM
VITVvi_vZin03_v1.1_P38.ver1.0.g398050.p01          -          LRRNT_2              PF08263.17   2.7e-07   29.8   1.2   6.5e-07   28.6   1.2   1.7   1   0   0   1   1   1   1 | SP+TM
VITVvi_vZin03_v1.1_P272.ver1.0.g353530.p01         -          LRRNT_2              PF08263.17   2.7e-07   29.8   0.3   6.8e-07   28.5   0.3   1.7   1   0   0   1   1   1   1 | SP
VITVvi_vZin03_v1.1_H000204F_002.ver1.0.g168080.p01 -          LRRNT_2              PF08263.17   2.9e-07   29.7   0.2   6.4e-07   28.6   0.2   1.6   1   0   0   1   1   1   1 | SP+TM
VITVvi_vZin03_v1.1_P177.ver1.0.g292570.p01         -          LRRNT_2              PF08263.17   2.9e-07   29.7   0.2   6.4e-07   28.6   0.2   1.6   1   0   0   1   1   1   1 | SP+TM
VITVvi_vZin03_v1.1_H000153F_001.ver1.0.g152070.p01 -          LRRNT_2              PF08263.17   2.9e-07   29.7   1.7   9.1e-07   28.1   1.7   1.9   1   0   0   1   1   1   1 | SP+TM
VITVvi_vZin03_v1.1_P119.ver1.0.g232200.p01         -          LRRNT_2              PF08263.17   2.9e-07   29.7   0.2   7.2e-07   28.4   0.2   1.7   1   0   0   1   1   1   1 | SP+TM
VITVvi_vZin03_v1.1_P9.ver1.0.g521000.p01           -          LRRNT_2              PF08263.17   3.1e-07   29.6   1.6   5.2e-07   28.9   0.1   2.2   2   0   0   2   2   1   1 | SP+TM
VITVvi_vZin03_v1.1_H000027F_017.ver1.0.g064940.p01 -          LRRNT_2              PF08263.17   3.3e-07   29.5   5.5   9.6e-07   28.0   5.5   1.9   1   0   0   1   1   1   1 | SP+TM
VITVvi_vZin03_v1.1_P25.ver1.0.g342170.p01          -          LRRNT_2              PF08263.17   3.3e-07   29.5   5.5   9.6e-07   28.0   5.5   1.9   1   0   0   1   1   1   1 | SP+TM
VITVvi_vZin03_v1.1_P37.ver1.0.g394300.p01          -          LRRNT_2              PF08263.17   3.4e-07   29.5   0.9   8.8e-07   28.2   0.9   1.8   1   0   0   1   1   1   1 | TM
VITVvi_vZin03_v1.1_H000027F_017.ver1.0.g064960.p01 -          LRRNT_2              PF08263.17   3.4e-07   29.5   3.8     1e-06   27.9   3.8   1.9   1   0   0   1   1   1   1 | SP+TM
VITVvi_vZin03_v1.1_P25.ver1.0.g342190.p01          -          LRRNT_2              PF08263.17   3.4e-07   29.5   3.8     1e-06   27.9   3.8   1.9   1   0   0   1   1   1   1 | SP+TM
VITVvi_vZin03_v1.1_H000070F_007.ver1.0.g109950.p01 -          LRRNT_2              PF08263.17   3.4e-07   29.5   0.1   7.5e-07   28.4   0.1   1.6   1   0   0   1   1   1   1 | SP+TM
VITVvi_vZin03_v1.1_P124.ver1.0.g240660.p01         -          LRRNT_2              PF08263.17   4.2e-07   29.2   3.4   3.1e-06   26.4   3.4   2.7   1   1   0   1   1   1   1 | SP+TM
VITVvi_vZin03_v1.1_P272.ver1.0.g353700.p01         -          LRRNT_2              PF08263.17   4.6e-07   29.1   1.3   1.2e-06   27.7   1.3   1.8   1   0   0   1   1   1   1 | SP+TM
VITVvi_vZin03_v1.1_P117.ver1.0.g231460.p01         -          LRRNT_2              PF08263.17   4.6e-07   29.0   2.1     1e-06   27.9   2.1   1.6   1   0   0   1   1   1   1 | SP+TM
VITVvi_vZin03_v1.1_P14.ver1.0.g254180.p01          -          LRRNT_2              PF08263.17   4.7e-07   29.0   1.1   1.2e-06   27.7   1.1   1.8   1   0   0   1   1   1   1 | SP+TM
VITVvi_vZin03_v1.1_P239.ver1.0.g337260.p01         -          LRRNT_2              PF08263.17   5.2e-07   28.9   2.4   1.2e-06   27.8   2.4   1.6   1   0   0   1   1   1   1 | SP+TM
VITVvi_vZin03_v1.1_P272.ver1.0.g353580.p01         -          LRRNT_2              PF08263.17   5.5e-07   28.8   3.3   1.9e-06   27.1   3.3   1.9   1   0   0   1   1   1   1 | TM
VITVvi_vZin03_v1.1_P87.ver1.0.g515400.p01          -          LRRNT_2              PF08263.17   5.7e-07   28.7   0.7     2e-06   27.0   0.7   2.0   1   0   0   1   1   1   1 | TM
VITVvi_vZin03_v1.1_P259.ver1.0.g346100.p01         -          LRRNT_2              PF08263.17   5.8e-07   28.7   1.1   1.6e-06   27.4   1.1   1.8   1   0   0   1   1   1   1 | SP+TM
VITVvi_vZin03_v1.1_H000244F_004.ver1.0.g178710.p01 -          LRRNT_2              PF08263.17   6.1e-07   28.6   5.8   1.6e-05   24.1   0.6   3.4   4   0   0   4   4   2   1 | SP
VITVvi_vZin03_v1.1_P254.ver1.0.g345140.p01         -          LRRNT_2              PF08263.17   6.5e-07   28.6  11.4   5.6e-06   25.6  11.4   2.4   1   1   0   1   1   1   1 | SP+TM
VITVvi_vZin03_v1.1_P3.ver1.0.g364510.p01           -          LRRNT_2              PF08263.17   6.7e-07   28.5   9.8   4.5e-06   25.9   9.8   2.3   1   1   0   1   1   1   1 | SP+TM
VITVvi_vZin03_v1.1_H000040F_002.ver1.0.g075940.p01 -          LRRNT_2              PF08263.17   7.5e-07   28.4   0.8   3.3e-06   26.3   0.0   2.6   3   0   0   3   3   1   1 | SP+TM
VITVvi_vZin03_v1.1_P34.ver1.0.g384550.p01          -          LRRNT_2              PF08263.17   7.5e-07   28.4   0.8   3.3e-06   26.3   0.0   2.6   3   0   0   3   3   1   1 | SP+TM
VITVvi_vZin03_v1.1_P64.ver1.0.g479370.p01          -          LRRNT_2              PF08263.17     8e-07   28.3   0.1   1.7e-06   27.2   0.1   1.6   1   0   0   1   1   1   1 | SP+TM
VITVvi_vZin03_v1.1_P3.ver1.0.g364500.p01           -          LRRNT_2              PF08263.17   8.1e-07   28.3   9.3   6.1e-06   25.4   9.3   2.4   1   1   0   1   1   1   1 | SP+TM
VITVvi_vZin03_v1.1_H000464F_001.ver1.0.g194300.p01 -          LRRNT_2              PF08263.17   9.8e-07   28.0   0.8   3.1e-06   26.4   0.8   2.0   1   0   0   1   1   1   1 | TM
VITVvi_vZin03_v1.1_P39.ver1.0.g400230.p01          -          LRRNT_2              PF08263.17   1.2e-06   27.8   0.4   2.1e-06   26.9   0.4   1.5   1   0   0   1   1   1   1 | SP+TM
VITVvi_vZin03_v1.1_P140.ver1.0.g257830.p01         -          LRRNT_2              PF08263.17   1.2e-06   27.7   0.5   3.2e-06   26.3   0.5   1.8   1   0   0   1   1   1   1 | SP
VITVvi_vZin03_v1.1_P124.ver1.0.g240680.p01         -          LRRNT_2              PF08263.17   1.5e-06   27.4   5.9   2.4e-06   26.8   3.1   3.1   2   1   0   2   2   1   1 | TM
VITVvi_vZin03_v1.1_P30.ver1.0.g370750.p01          -          LRRNT_2              PF08263.17   1.5e-06   27.4   1.6   1.5e-06   27.4   1.6   2.8   3   0   0   3   3   1   1 | SP+TM
VITVvi_vZin03_v1.1_H000035F_001.ver1.0.g072300.p01 -          LRRNT_2              PF08263.17   1.5e-06   27.4   0.4   2.8e-06   26.5   0.4   1.5   1   0   0   1   1   1   1 | SP+TM
VITVvi_vZin03_v1.1_P38.ver1.0.g397860.p01          -          LRRNT_2              PF08263.17   1.6e-06   27.3   0.1   3.3e-06   26.3   0.1   1.6   1   0   0   1   1   1   1 | SP
VITVvi_vZin03_v1.1_H000005F_004.ver1.0.g021850.p01 -          LRRNT_2              PF08263.17     2e-06   27.0   1.8   2.3e-06   26.8   0.1   2.0   2   0   0   2   2   1   1 | SP
VITVvi_vZin03_v1.1_P6.ver1.0.g472980.p01           -          LRRNT_2              PF08263.17     2e-06   27.0   1.8   2.3e-06   26.8   0.1   2.0   2   0   0   2   2   1   1 | SP
VITVvi_vZin03_v1.1_P272.ver1.0.g353500.p01         -          LRRNT_2              PF08263.17   2.1e-06   27.0   0.3   4.7e-06   25.8   0.3   1.7   1   0   0   1   1   1   1 | SP
VITVvi_vZin03_v1.1_P42.ver1.0.g419410.p01          -          LRRNT_2              PF08263.17   2.4e-06   26.8   0.4   5.3e-06   25.6   0.4   1.7   1   0   0   1   1   1   1 | SP+TM
VITVvi_vZin03_v1.1_P214.ver1.0.g323840.p01         -          LRRNT_2              PF08263.17   2.6e-06   26.6   0.1   5.2e-06   25.7   0.1   1.6   1   0   0   1   1   1   1 | SP
VITVvi_vZin03_v1.1_H000103F_002.ver1.0.g128470.p01 -          LRRNT_2              PF08263.17   2.7e-06   26.6   0.4   5.2e-06   25.7   0.4   1.5   1   0   0   1   1   1   1 | SP+TM
VITVvi_vZin03_v1.1_P696.ver1.0.g487530.p01         -          LRRNT_2              PF08263.17   3.4e-06   26.3   2.3   3.4e-06   26.3   2.3   2.7   2   0   0   2   2   1   1 | SP
VITVvi_vZin03_v1.1_P440.ver1.0.g426480.p01         -          LRRNT_2              PF08263.17   3.6e-06   26.2   0.8   3.6e-06   26.2   0.8   2.2   2   0   0   2   2   1   1 | TM
VITVvi_vZin03_v1.1_P254.ver1.0.g345150.p01         -          LRRNT_2              PF08263.17   3.7e-06   26.2  11.1   2.5e-05   23.5  11.1   2.3   1   1   0   1   1   1   1 | SP+TM
VITVvi_vZin03_v1.1_H000077F_008.ver1.0.g113160.p01 -          LRRNT_2              PF08263.17     4e-06   26.1   0.5   8.3e-06   25.0   0.5   1.6   1   0   0   1   1   1   1 | SP+TM
VITVvi_vZin03_v1.1_P63.ver1.0.g477680.p01          -          LRRNT_2              PF08263.17     4e-06   26.1   0.5   8.3e-06   25.0   0.5   1.6   1   0   0   1   1   1   1 | SP+TM
VITVvi_vZin03_v1.1_H000016F_005.ver1.0.g046980.p01 -          LRRNT_2              PF08263.17     4e-06   26.0   0.3   8.5e-06   25.0   0.3   1.6   1   0   0   1   1   1   1 | SP
VITVvi_vZin03_v1.1_P17.ver1.0.g286130.p01          -          LRRNT_2              PF08263.17     4e-06   26.0   0.3   8.5e-06   25.0   0.3   1.6   1   0   0   1   1   1   1 | SP
VITVvi_vZin03_v1.1_H000026F_007.ver1.0.g062370.p01 -          LRRNT_2              PF08263.17   4.1e-06   26.0   1.3   4.1e-06   26.0   1.3   2.2   2   0   0   2   2   1   1 | SP+TM
VITVvi_vZin03_v1.1_P261.ver1.0.g348000.p01         -          LRRNT_2              PF08263.17   4.1e-06   26.0   2.3   4.1e-06   26.0   2.3   3.0   3   0   0   3   3   1   1 | TM
VITVvi_vZin03_v1.1_H000033F_008.ver1.0.g070000.p01 -          LRRNT_2              PF08263.17   4.3e-06   25.9   2.1   4.3e-06   25.9   2.1   2.9   3   0   0   3   3   1   1 | SP+TM
VITVvi_vZin03_v1.1_P51.ver1.0.g449180.p01          -          LRRNT_2              PF08263.17   4.3e-06   25.9   2.1   4.3e-06   25.9   2.1   3.0   3   0   0   3   3   1   1 | SP+TM
VITVvi_vZin03_v1.1_H000046F_010.ver1.0.g081980.p01 -          LRRNT_2              PF08263.17   4.5e-06   25.9   0.4     1e-05   24.7   0.4   1.7   1   0   0   1   1   1   1 | SP+TM
VITVvi_vZin03_v1.1_P25.ver1.0.g343190.p01          -          LRRNT_2              PF08263.17   6.2e-06   25.4   2.9   1.6e-05   24.2   2.9   1.8   1   0   0   1   1   1   1 | SP+TM
VITVvi_vZin03_v1.1_H000051F_004.ver1.0.g090330.p01 -          LRRNT_2              PF08263.17   6.3e-06   25.4   2.9   1.6e-05   24.2   2.9   1.8   1   0   0   1   1   1   1 | SP+TM
VITVvi_vZin03_v1.1_H000087F_005.ver1.0.g120530.p01 -          LRRNT_2              PF08263.17   7.3e-06   25.2   0.3   2.4e-05   23.6   0.3   2.0   1   0   0   1   1   1   1 | SP+TM
VITVvi_vZin03_v1.1_P83.ver1.0.g509080.p01          -          LRRNT_2              PF08263.17   7.3e-06   25.2   0.3   2.4e-05   23.6   0.3   2.0   1   0   0   1   1   1   1 | SP+TM
VITVvi_vZin03_v1.1_P53.ver1.0.g452840.p01          -          LRRNT_2              PF08263.17   7.5e-06   25.2  12.8    0.0086   15.4   1.9   3.1   3   0   0   3   3   2   2 | SP+TM
VITVvi_vZin03_v1.1_P28.ver1.0.g357680.p01          -          LRRNT_2              PF08263.17     1e-05   24.8   0.2     1e-05   24.8   0.2   3.0   3   0   0   3   3   1   1 | TM
VITVvi_vZin03_v1.1_H000397F_002.ver1.0.g191500.p01 -          LRRNT_2              PF08263.17   1.1e-05   24.7  12.9   1.1e-05   24.7  12.9   3.4   3   1   0   3   3   1   1 | SP
VITVvi_vZin03_v1.1_P34.ver1.0.g384230.p01          -          LRRNT_2              PF08263.17   1.2e-05   24.5   1.4   3.3e-05   23.1   1.4   1.8   1   0   0   1   1   1   1 | SP+TM
VITVvi_vZin03_v1.1_H000397F_001.ver1.0.g191480.p01 -          LRRNT_2              PF08263.17   1.2e-05   24.5  12.4   1.2e-05   24.5  12.4   3.4   2   1   0   2   2   1   1 | SP
VITVvi_vZin03_v1.1_H000299F_003.ver1.0.g186330.p01 -          LRRNT_2              PF08263.17   1.2e-05   24.5   1.4   3.4e-05   23.0   1.4   1.8   1   0   0   1   1   1   1 | SP+TM
VITVvi_vZin03_v1.1_P341.ver1.0.g385630.p01         -          LRRNT_2              PF08263.17   1.2e-05   24.5   0.1   3.3e-05   23.1   0.1   1.7   1   0   0   1   1   1   1 | SP
VITVvi_vZin03_v1.1_P98.ver1.0.g532800.p01          -          LRRNT_2              PF08263.17   1.3e-05   24.4   0.1   3.2e-05   23.1   0.1   1.7   1   0   0   1   1   1   1 | SP
VITVvi_vZin03_v1.1_P28.ver1.0.g357670.p01          -          LRRNT_2              PF08263.17   1.3e-05   24.4   0.3   1.3e-05   24.4   0.3   2.5   3   0   0   3   3   1   1 | TM
VITVvi_vZin03_v1.1_P407.ver1.0.g413240.p01         -          LRRNT_2              PF08263.17   1.3e-05   24.4   0.7   4.3e-05   22.7   0.2   2.2   2   0   0   2   2   1   1 | TM
VITVvi_vZin03_v1.1_H000125F_002.ver1.0.g138380.p01 -          LRRNT_2              PF08263.17   1.4e-05   24.3   0.2   3.7e-05   22.9   0.2   1.7   1   0   0   1   1   1   1 | SP
VITVvi_vZin03_v1.1_P110.ver1.0.g224860.p01         -          LRRNT_2              PF08263.17   1.4e-05   24.3   0.2   3.7e-05   22.9   0.2   1.7   1   0   0   1   1   1   1 | SP
VITVvi_vZin03_v1.1_P58.ver1.0.g464340.p01          -          LRRNT_2              PF08263.17   2.4e-05   23.6   1.4   2.4e-05   23.6   1.4   2.3   2   0   0   2   2   1   1 | SP+TM
VITVvi_vZin03_v1.1_P80.ver1.0.g503590.p01          -          LRRNT_2              PF08263.17   3.9e-05   22.9   4.9   0.00011   21.5   4.9   1.8   1   0   0   1   1   1   1 | TM
VITVvi_vZin03_v1.1_H000237F_004.ver1.0.g177750.p01 -          LRRNT_2              PF08263.17     4e-05   22.9   4.9   0.00011   21.5   4.9   1.8   1   0   0   1   1   1   1 | TM
VITVvi_vZin03_v1.1_P88.ver1.0.g518050.p01          -          LRRNT_2              PF08263.17   6.2e-05   22.2   0.2   0.00015   21.0   0.2   1.6   1   0   0   1   1   1   1 | SP+TM
VITVvi_vZin03_v1.1_H000104F_007.ver1.0.g129350.p01 -          LRRNT_2              PF08263.17   6.2e-05   22.2   0.2   0.00015   21.0   0.2   1.6   1   0   0   1   1   1   1 | SP+TM
VITVvi_vZin03_v1.1_P9.ver1.0.g520990.p01           -          LRRNT_2              PF08263.17   6.5e-05   22.2   1.3   6.5e-05   22.2   1.3   2.3   3   0   0   3   3   1   1 | TM
VITVvi_vZin03_v1.1_P35.ver1.0.g387690.p01          -          LRRNT_2              PF08263.17   6.5e-05   22.2   0.7   0.00017   20.8   0.7   1.8   1   0   0   1   1   1   1 | SP+TM
VITVvi_vZin03_v1.1_P4.ver1.0.g408120.p01           -          LRRNT_2              PF08263.17   8.9e-05   21.7   0.9    0.0004   19.6   0.9   2.2   1   0   0   1   1   1   1 | SP+TM
VITVvi_vZin03_v1.1_H000008F_010.ver1.0.g029130.p01 -          LRRNT_2              PF08263.17   9.9e-05   21.6   2.7   0.00016   20.9   1.3   2.1   2   0   0   2   2   1   1 | TM
VITVvi_vZin03_v1.1_P5.ver1.0.g442680.p01           -          LRRNT_2              PF08263.17    0.0001   21.5   1.5   0.00031   20.0   1.5   1.9   1   0   0   1   1   1   1 | SP
VITVvi_vZin03_v1.1_P12.ver1.0.g235320.p01          -          LRRNT_2              PF08263.17   0.00012   21.3   0.4   0.00029   20.1   0.4   1.7   1   0   0   1   1   1   1 | SP+TM
VITVvi_vZin03_v1.1_H000050F_004.ver1.0.g089470.p01 -          LRRNT_2              PF08263.17   0.00012   21.3   0.4   0.00029   20.1   0.4   1.7   1   0   0   1   1   1   1 | SP+TM
VITVvi_vZin03_v1.1_H000233F_004.ver1.0.g176610.p01 -          LRRNT_2              PF08263.17   0.00013   21.2   0.5   0.00024   20.3   0.5   1.5   1   0   0   1   1   1   1 | SP
VITVvi_vZin03_v1.1_P184.ver1.0.g299140.p01         -          LRRNT_2              PF08263.17   0.00013   21.2   0.5   0.00024   20.3   0.5   1.5   1   0   0   1   1   1   1 | SP
VITVvi_vZin03_v1.1_H000042F_003.ver1.0.g078620.p01 -          LRRNT_2              PF08263.17   0.00015   21.0   0.7   0.00036   19.8   0.7   1.7   1   0   0   1   1   1   1 | SP+TM
VITVvi_vZin03_v1.1_H000053F_010.ver1.0.g093370.p01 -          LRRNT_2              PF08263.17   0.00016   21.0   0.0   0.00031   20.0   0.0   1.6   1   0   0   1   1   1   1 | SP
VITVvi_vZin03_v1.1_P52.ver1.0.g450870.p01          -          LRRNT_2              PF08263.17   0.00016   21.0   0.0   0.00031   20.0   0.0   1.6   1   0   0   1   1   1   1 | SP
VITVvi_vZin03_v1.1_P261.ver1.0.g348500.p01         -          LRRNT_2              PF08263.17   0.00016   20.9   1.5   0.00054   19.2   0.8   2.2   2   0   0   2   2   1   1 | SP
VITVvi_vZin03_v1.1_H000026F_002.ver1.0.g061810.p01 -          LRRNT_2              PF08263.17   0.00016   20.9   0.0   0.00044   19.5   0.0   1.8   1   0   0   1   1   1   1 | SP
VITVvi_vZin03_v1.1_P30.ver1.0.g369600.p01          -          LRRNT_2              PF08263.17   0.00016   20.9   0.0   0.00044   19.5   0.0   1.8   1   0   0   1   1   1   1 | SP
VITVvi_vZin03_v1.1_H000038F_001.ver1.0.g075070.p01 -          LRRNT_2              PF08263.17   0.00016   20.9   1.5   0.00054   19.2   0.8   2.2   2   0   0   2   2   1   1 | SP
VITVvi_vZin03_v1.1_H000001F_021.ver1.0.g004440.p01 -          LRRNT_2              PF08263.17   0.00019   20.7   0.7   0.00074   18.8   0.7   2.1   1   0   0   1   1   1   1 | SP+TM
VITVvi_vZin03_v1.1_H000080F_006.ver1.0.g115470.p01 -          LRRNT_2              PF08263.17    0.0002   20.6   0.3   0.00053   19.3   0.3   1.8   1   0   0   1   1   1   1 | SP+TM
VITVvi_vZin03_v1.1_P67.ver1.0.g483510.p01          -          LRRNT_2              PF08263.17    0.0002   20.6   0.3   0.00053   19.3   0.3   1.8   1   0   0   1   1   1   1 | SP+TM
VITVvi_vZin03_v1.1_H000094F_004.ver1.0.g124400.p01 -          LRRNT_2              PF08263.17   0.00021   20.5   0.0   0.00051   19.3   0.0   1.7   1   0   0   1   1   1   1 | SP+TM
VITVvi_vZin03_v1.1_P79.ver1.0.g500940.p01          -          LRRNT_2              PF08263.17   0.00021   20.5   0.0   0.00051   19.3   0.0   1.7   1   0   0   1   1   1   1 | SP+TM
VITVvi_vZin03_v1.1_P450.ver1.0.g429020.p01         -          LRRNT_2              PF08263.17   0.00033   19.9   0.5   0.00083   18.6   0.5   1.7   1   0   0   1   1   1   1 | SP+TM
VITVvi_vZin03_v1.1_H000136F_002.ver1.0.g143740.p01 -          LRRNT_2              PF08263.17    0.0006   19.1   0.5    0.0006   19.1   0.5   2.1   2   0   0   2   2   1   1 | SP+TM
VITVvi_vZin03_v1.1_P118.ver1.0.g232100.p01         -          LRRNT_2              PF08263.17    0.0006   19.1   0.5    0.0006   19.1   0.5   2.0   2   0   0   2   2   1   1 | SP+TM
VITVvi_vZin03_v1.1_P4.ver1.0.g409220.p01           -          LRRNT_2              PF08263.17   0.00063   19.0   0.0    0.0013   18.0   0.0   1.5   1   0   0   1   1   1   1 | SP
VITVvi_vZin03_v1.1_H000016F_011.ver1.0.g047830.p01 -          LRRNT_2              PF08263.17   0.00071   18.9   1.1    0.0011   18.2   0.3   1.8   2   0   0   2   2   1   1 | SP
VITVvi_vZin03_v1.1_P17.ver1.0.g287030.p01          -          LRRNT_2              PF08263.17   0.00071   18.9   1.1    0.0011   18.2   0.3   1.8   2   0   0   2   2   1   1 | SP
VITVvi_vZin03_v1.1_H000079F_014.ver1.0.g113840.p01 -          LRRNT_2              PF08263.17   0.00073   18.8   0.2   0.00073   18.8   0.2   1.9   2   0   0   2   2   1   1 | SP
VITVvi_vZin03_v1.1_P112.ver1.0.g225350.p01         -          LRRNT_2              PF08263.17    0.0012   18.1   3.1    0.0033   16.7   3.1   1.8   1   0   0   1   1   1   1 | SP+TM
VITVvi_vZin03_v1.1_P124.ver1.0.g240610.p01         -          LRRNT_2              PF08263.17    0.0014   17.9   9.2    0.0014   17.9   9.2   3.3   3   1   0   3   3   1   1 | SP+TM
VITVvi_vZin03_v1.1_P112.ver1.0.g225320.p01         -          LRRNT_2              PF08263.17    0.0016   17.7   1.9    0.0041   16.4   1.9   1.8   1   0   0   1   1   1   1 | SP+TM
VITVvi_vZin03_v1.1_P53.ver1.0.g452760.p01          -          LRRNT_2              PF08263.17    0.0018   17.5   2.7    0.0035   16.6   2.7   1.5   1   0   0   1   1   1   1 | SP
VITVvi_vZin03_v1.1_P208.ver1.0.g319480.p01         -          LRRNT_2              PF08263.17     0.002   17.4  10.6      0.01   15.1  10.6   2.3   1   1   0   1   1   1   1 | SP+TM
VITVvi_vZin03_v1.1_P112.ver1.0.g225380.p01         -          LRRNT_2              PF08263.17     0.002   17.4   2.9    0.0051   16.1   2.9   1.7   1   0   0   1   1   1   1 | SP+TM
VITVvi_vZin03_v1.1_P67.ver1.0.g483450.p01          -          LRRNT_2              PF08263.17    0.0021   17.3   1.1    0.0021   17.3   1.1   2.1   2   0   0   2   2   1   1 | SP
VITVvi_vZin03_v1.1_H000002F_005.ver1.0.g008250.p01 -          LRRNT_2              PF08263.17    0.0023   17.2   0.0    0.0054   16.0   0.0   1.7   1   0   0   1   1   1   1 | SP
VITVvi_vZin03_v1.1_H000006F_023.ver1.0.g026650.p01 -          LRRNT_2              PF08263.17    0.0026   17.0   2.9    0.0026   17.0   2.9   2.8   3   0   0   3   3   1   1 | SP
VITVvi_vZin03_v1.1_P53.ver1.0.g453140.p01          -          LRRNT_2              PF08263.17    0.0036   16.6   5.1      0.01   15.2   5.1   1.7   1   0   0   1   1   1   1 | SP+TM
VITVvi_vZin03_v1.1_P34.ver1.0.g385100.p01          -          LRRNT_2              PF08263.17     0.006   15.9   0.4     0.062   12.6   0.2   2.6   2   0   0   2   2   1   1 | SP+TM
VITVvi_vZin03_v1.1_H000132F_003.ver1.0.g141050.p01 -          LRRNT_2              PF08263.17    0.0064   15.8   0.1     0.016   14.5   0.1   1.8   1   0   0   1   1   1   1 | SP+TM
VITVvi_vZin03_v1.1_P109.ver1.0.g220060.p01         -          LRRNT_2              PF08263.17    0.0067   15.7   0.1     0.016   14.5   0.1   1.7   1   0   0   1   1   1   1 | SP+TM
VITVvi_vZin03_v1.1_H000040F_001.ver1.0.g075530.p01 -          LRRNT_2              PF08263.17    0.0073   15.6   0.6     0.062   12.6   0.2   2.6   2   0   0   2   2   1   1 | SP+TM
VITVvi_vZin03_v1.1_H000153F_005.ver1.0.g152810.p01 -          LRRNT_2              PF08263.17    0.0089   15.3   3.7     0.025   13.9   3.7   1.8   1   0   0   1   1   1   1 | SP+TM
VITVvi_vZin03_v1.1_P9.ver1.0.g525040.p01           -          LRRNT_2              PF08263.17    0.0095   15.2   0.0     0.029   13.7   0.0   1.9   1   0   0   1   1   1   1 | SP+TM
VITVvi_vZin03_v1.1_P112.ver1.0.g225360.p01         -          LRRNT_2              PF08263.17     0.011   15.1   3.2     0.011   15.1   3.2   2.0   2   0   0   2   2   1   0 | SP+TM
VITVvi_vZin03_v1.1_P518.ver1.0.g450240.p01         -          LRRNT_2              PF08263.17     0.011   15.1   5.0     0.025   13.9   5.0   1.6   1   0   0   1   1   1   0 | SP
VITVvi_vZin03_v1.1_P112.ver1.0.g225410.p01         -          LRRNT_2              PF08263.17     0.011   15.0   3.9     0.023   14.0   3.9   1.5   1   0   0   1   1   1   0 | SP+TM
VITVvi_vZin03_v1.1_P53.ver1.0.g456450.p01          -          LRRNT_2              PF08263.17     0.012   14.9   0.0     0.033   13.5   0.0   1.7   1   0   0   1   1   1   0 | TM
VITVvi_vZin03_v1.1_H000062F_009.ver1.0.g103540.p01 -          LRRNT_2              PF08263.17     0.012   14.9   0.0     0.034   13.5   0.0   1.8   1   0   0   1   1   1   0 | SP+TM
VITVvi_vZin03_v1.1_H000052F_006.ver1.0.g090990.p01 -          LRRNT_2              PF08263.17     0.016   14.5   4.7      0.26   10.6   2.0   3.3   2   1   0   2   2   1   0 | SP+TM
VITVvi_vZin03_v1.1_P3.ver1.0.g364520.p01           -          LRRNT_2              PF08263.17      0.02   14.2   9.5      0.22   10.9   9.5   2.5   1   1   0   1   1   1   0 | SP+TM
VITVvi_vZin03_v1.1_P254.ver1.0.g345130.p01         -          LRRNT_2              PF08263.17      0.02   14.2   9.5      0.22   10.9   9.5   2.5   1   1   0   1   1   1   0 | SP+TM
VITVvi_vZin03_v1.1_P25.ver1.0.g342250.p01          -          LRRNT_2              PF08263.17     0.028   13.7   1.3     0.084   12.2   1.3   1.9   1   0   0   1   1   1   0 | SP+TM
VITVvi_vZin03_v1.1_H000087F_009.ver1.0.g121060.p01 -          LRRNT_2              PF08263.17     0.036   13.4   0.1     0.085   12.2   0.1   1.7   1   0   0   1   1   1   0 | SP
VITVvi_vZin03_v1.1_H000028F_009.ver1.0.g066080.p01 -          LRRNT_2              PF08263.17     0.038   13.3   0.4     0.038   13.3   0.4   1.8   2   0   0   2   2   1   0 | SP
VITVvi_vZin03_v1.1_P28.ver1.0.g356240.p01          -          LRRNT_2              PF08263.17     0.038   13.3   0.4     0.038   13.3   0.4   1.8   2   0   0   2   2   1   0 | SP
VITVvi_vZin03_v1.1_P255.ver1.0.g345450.p01         -          LRRNT_2              PF08263.17     0.048   13.0   4.4      0.11   11.8   4.4   1.6   1   0   0   1   1   1   0 | SP+TM
VITVvi_vZin03_v1.1_P76.ver1.0.g497570.p01          -          LRRNT_2              PF08263.17     0.054   12.8   6.0      0.14   11.5   6.0   1.7   1   0   0   1   1   1   0 | SP
VITVvi_vZin03_v1.1_P53.ver1.0.g453130.p01          -          LRRNT_2              PF08263.17     0.091   12.1   5.6      0.25   10.7   5.6   1.8   1   0   0   1   1   1   0 | SP+TM
VITVvi_vZin03_v1.1_P33.ver1.0.g380220.p01          -          LRRNT_2              PF08263.17     0.095   12.0   2.5      0.12   11.7   0.2   2.3   2   0   0   2   2   1   0 | SP+TM
VITVvi_vZin03_v1.1_H000023F_021.ver1.0.g057950.p01 -          LRRNT_2              PF08263.17      0.11   11.8   1.9         1    8.7   0.0   2.7   2   0   0   2   2   1   0 | SP
VITVvi_vZin03_v1.1_P76.ver1.0.g497510.p01          -          LRRNT_2              PF08263.17      0.12   11.8   7.3      0.26   10.6   7.3   1.6   1   0   0   1   1   1   0 | SP
VITVvi_vZin03_v1.1_H000089F_008.ver1.0.g121660.p01 -          LRRNT_2              PF08263.17      0.15   11.4   7.3      0.36   10.2   7.3   1.6   1   0   0   1   1   1   0 | SP
VITVvi_vZin03_v1.1_P53.ver1.0.g453150.p01          -          LRRNT_2              PF08263.17      0.22   10.9   9.1      0.66    9.3   9.1   1.8   1   0   0   1   1   1   0 | SP+TM
VITVvi_vZin03_v1.1_P53.ver1.0.g456730.p01          -          LRRNT_2              PF08263.17      0.37   10.1   0.0      0.37   10.1   0.0   3.2   3   0   0   3   3   1   0 | TM
VITVvi_vZin03_v1.1_H000153F_005.ver1.0.g152830.p01 -          LRRNT_2              PF08263.17      0.38   10.1   6.9         1    8.7   6.9   1.7   1   0   0   1   1   1   0 | SP+TM
VITVvi_vZin03_v1.1_P76.ver1.0.g497560.p01          -          LRRNT_2              PF08263.17      0.74    9.2   8.0       2.3    7.6   8.0   1.9   1   0   0   1   1   1   0 | SP+TM
#
# Program:         hmmsearch
# Version:         3.4 (Aug 2023)
# Pipeline mode:   SEARCH
# Query file:      pfam_models/PF08263.hmm
# Target file:     filtered_tm_sp_proteins.fasta
# Option settings: hmmsearch -A LRR7_alignment.stk --tblout LRR7_domains.txt -E 1 --domE 1 --incE 0.01 --incdomE 0.04 --cpu 8 pfam_models/PF08263.hmm filtered_tm_sp_proteins.fasta 
# Current dir:     /Users/briansu/workspace/mamp_prediction_ml/11_grape_analysis/Zinfandel_cl_03
# Date:            Tue May 26 16:44:37 2026
# [ok]
