#                                                                                             --- full sequence ---- --- best 1 domain ---- --- domain number estimation ----
# target name                                      accession  query name           accession    E-value  score  bias   E-value  score  bias   exp reg clu  ov env dom rep inc description of target
#                              ------------------- ---------- -------------------- ---------- --------- ------ ----- --------- ------ -----   --- --- --- --- --- --- --- --- ---------------------
VITVvi_vZin03_v1.1_P14.ver1.0.g255970.p01          -          Pkinase              PF00069.31  3.9e-135  444.9   0.0   5.2e-45  149.5   0.0   3.3   3   0   0   3   3   3   3 | SP+TM
VITVvi_vZin03_v1.1_P14.ver1.0.g256040.p01          -          Pkinase              PF00069.31  6.8e-125  411.4   0.0   4.4e-44  146.4   0.0   3.3   3   0   0   3   3   3   3 | SP+TM
VITVvi_vZin03_v1.1_P14.ver1.0.g256020.p01          -          Pkinase              PF00069.31  1.5e-109  361.1   0.0   4.3e-42  139.9   0.0   4.2   3   1   1   4   4   4   4 | SP+TM
VITVvi_vZin03_v1.1_P14.ver1.0.g256030.p01          -          Pkinase              PF00069.31  2.1e-109  360.6   0.0   9.9e-45  148.6   0.0   4.1   3   1   0   3   3   3   3 | TM
VITVvi_vZin03_v1.1_P14.ver1.0.g256000.p01          -          Pkinase              PF00069.31   1.7e-91  301.9   0.0   2.3e-45  150.6   0.0   2.4   2   0   0   2   2   2   2 | SP+TM
VITVvi_vZin03_v1.1_P53.ver1.0.g452840.p01          -          Pkinase              PF00069.31   5.3e-90  297.0   0.1   1.5e-45  151.2   0.0   2.2   2   0   0   2   2   2   2 | SP+TM
VITVvi_vZin03_v1.1_H000057F_001.ver1.0.g098170.p01 -          Pkinase              PF00069.31   1.4e-67  223.5   0.0   3.2e-47  156.7   0.0   2.2   2   0   0   2   2   2   2 | TM
VITVvi_vZin03_v1.1_P298.ver1.0.g364100.p01         -          Pkinase              PF00069.31   2.8e-65  215.9   0.1   2.4e-44  147.3   0.0   2.2   1   1   1   2   2   2   2 | SP+TM
VITVvi_vZin03_v1.1_H000013F_002.ver1.0.g040880.p01 -          Pkinase              PF00069.31     6e-62  205.0   0.1   1.7e-45  151.0   0.0   2.4   2   0   0   2   2   2   2 | TM
VITVvi_vZin03_v1.1_P2.ver1.0.g309620.p01           -          Pkinase              PF00069.31   5.5e-52  172.3   0.2   7.5e-52  171.9   0.2   1.1   1   0   0   1   1   1   1 | TM
VITVvi_vZin03_v1.1_P298.ver1.0.g364000.p01         -          Pkinase              PF00069.31     2e-51  170.5   0.2   2.9e-51  170.0   0.2   1.2   1   0   0   1   1   1   1 | SP+TM
VITVvi_vZin03_v1.1_H000008F_010.ver1.0.g029130.p01 -          Pkinase              PF00069.31     9e-51  168.4   0.0   1.4e-50  167.8   0.0   1.2   1   0   0   1   1   1   1 | TM
VITVvi_vZin03_v1.1_P489.ver1.0.g438880.p01         -          Pkinase              PF00069.31   2.1e-50  167.2   0.0     3e-50  166.6   0.0   1.1   1   0   0   1   1   1   1 | SP+TM
VITVvi_vZin03_v1.1_P120.ver1.0.g237110.p01         -          Pkinase              PF00069.31   3.1e-50  166.6   0.0   4.6e-50  166.1   0.0   1.2   1   0   0   1   1   1   1 | TM
VITVvi_vZin03_v1.1_P80.ver1.0.g503650.p01          -          Pkinase              PF00069.31   3.1e-50  166.6   0.0   4.5e-50  166.1   0.0   1.1   1   0   0   1   1   1   1 | SP+TM
VITVvi_vZin03_v1.1_P2.ver1.0.g309650.p01           -          Pkinase              PF00069.31   3.9e-50  166.3   0.1   5.9e-50  165.7   0.1   1.2   1   0   0   1   1   1   1 | SP+TM
VITVvi_vZin03_v1.1_P14.ver1.0.g255870.p01          -          Pkinase              PF00069.31   4.8e-50  166.0   0.0   6.8e-50  165.5   0.0   1.2   1   0   0   1   1   1   1 | TM
VITVvi_vZin03_v1.1_P120.ver1.0.g237100.p01         -          Pkinase              PF00069.31   5.6e-50  165.8   0.0   8.6e-50  165.2   0.0   1.2   1   0   0   1   1   1   1 | SP+TM
VITVvi_vZin03_v1.1_P298.ver1.0.g363980.p01         -          Pkinase              PF00069.31   6.7e-50  165.5   0.1   9.3e-50  165.0   0.1   1.2   1   0   0   1   1   1   1 | TM
VITVvi_vZin03_v1.1_H000040F_002.ver1.0.g075950.p01 -          Pkinase              PF00069.31     7e-50  165.4   0.0     1e-49  164.9   0.0   1.2   1   0   0   1   1   1   1 | SP+TM
VITVvi_vZin03_v1.1_P49.ver1.0.g439430.p01          -          Pkinase              PF00069.31   8.1e-50  165.2   0.0   1.5e-49  164.3   0.0   1.4   1   0   0   1   1   1   1 | SP+TM
VITVvi_vZin03_v1.1_H000057F_001.ver1.0.g098290.p01 -          Pkinase              PF00069.31   8.2e-50  165.2   0.0   1.5e-49  164.3   0.0   1.4   1   0   0   1   1   1   1 | SP+TM
VITVvi_vZin03_v1.1_P49.ver1.0.g439470.p01          -          Pkinase              PF00069.31   8.8e-50  165.1   0.0   4.9e-49  162.7   0.0   1.9   2   0   0   2   2   1   1 | TM
VITVvi_vZin03_v1.1_P409.ver1.0.g413650.p01         -          Pkinase              PF00069.31   9.4e-50  165.0   0.0   1.4e-49  164.5   0.0   1.2   1   0   0   1   1   1   1 | TM
VITVvi_vZin03_v1.1_P405.ver1.0.g413080.p01         -          Pkinase              PF00069.31     1e-49  164.9   0.0   1.4e-49  164.5   0.0   1.1   1   0   0   1   1   1   1 | TM
VITVvi_vZin03_v1.1_P409.ver1.0.g413600.p01         -          Pkinase              PF00069.31   1.2e-49  164.7   0.0   1.8e-49  164.1   0.0   1.2   1   0   0   1   1   1   1 | TM
VITVvi_vZin03_v1.1_H000040F_002.ver1.0.g075940.p01 -          Pkinase              PF00069.31   1.2e-49  164.6   0.0   1.8e-49  164.1   0.0   1.2   1   0   0   1   1   1   1 | SP+TM
VITVvi_vZin03_v1.1_P34.ver1.0.g384550.p01          -          Pkinase              PF00069.31   1.2e-49  164.6   0.0   1.8e-49  164.1   0.0   1.2   1   0   0   1   1   1   1 | SP+TM
VITVvi_vZin03_v1.1_P34.ver1.0.g384560.p01          -          Pkinase              PF00069.31   1.6e-49  164.3   0.0   2.3e-49  163.7   0.0   1.2   1   0   0   1   1   1   1 | SP+TM
VITVvi_vZin03_v1.1_P19.ver1.0.g303210.p01          -          Pkinase              PF00069.31   2.1e-49  163.9   0.0   2.8e-49  163.5   0.0   1.2   1   0   0   1   1   1   1 | SP+TM
VITVvi_vZin03_v1.1_P477.ver1.0.g436510.p01         -          Pkinase              PF00069.31   2.1e-49  163.9   0.0   2.8e-49  163.5   0.0   1.2   1   0   0   1   1   1   1 | SP+TM
VITVvi_vZin03_v1.1_P188.ver1.0.g302650.p01         -          Pkinase              PF00069.31     3e-49  163.4   0.0   4.2e-49  162.9   0.0   1.1   1   0   0   1   1   1   1 | SP+TM
VITVvi_vZin03_v1.1_P3.ver1.0.g367860.p01           -          Pkinase              PF00069.31   3.2e-49  163.3   0.0   4.8e-49  162.7   0.0   1.2   1   0   0   1   1   1   1 | SP+TM
VITVvi_vZin03_v1.1_H000232F_006.ver1.0.g176080.p01 -          Pkinase              PF00069.31   4.5e-49  162.8   0.0   6.3e-49  162.3   0.0   1.1   1   0   0   1   1   1   1 | SP+TM
VITVvi_vZin03_v1.1_P1.ver1.0.g208460.p01           -          Pkinase              PF00069.31   5.4e-49  162.6   0.0   7.5e-49  162.1   0.0   1.2   1   0   0   1   1   1   1 | SP+TM
VITVvi_vZin03_v1.1_P453.ver1.0.g429260.p01         -          Pkinase              PF00069.31   6.2e-49  162.3   0.0   9.4e-49  161.7   0.0   1.2   1   0   0   1   1   1   1 | TM
VITVvi_vZin03_v1.1_H000057F_001.ver1.0.g098330.p01 -          Pkinase              PF00069.31     7e-49  162.2   0.0   1.5e-48  161.1   0.0   1.5   2   0   0   2   2   1   1 | SP+TM
VITVvi_vZin03_v1.1_P279.ver1.0.g355750.p01         -          Pkinase              PF00069.31   8.5e-49  161.9   0.0   1.3e-48  161.3   0.0   1.2   1   0   0   1   1   1   1 | TM
VITVvi_vZin03_v1.1_P165.ver1.0.g283890.p01         -          Pkinase              PF00069.31   9.2e-49  161.8   0.0   1.4e-48  161.2   0.0   1.2   1   0   0   1   1   1   1 | SP+TM
VITVvi_vZin03_v1.1_P76.ver1.0.g497560.p01          -          Pkinase              PF00069.31   9.4e-49  161.8   0.1   1.4e-48  161.2   0.1   1.2   1   0   0   1   1   1   1 | SP+TM
VITVvi_vZin03_v1.1_H000192F_007.ver1.0.g165270.p01 -          Pkinase              PF00069.31   9.5e-49  161.7   0.0   1.4e-48  161.2   0.0   1.2   1   0   0   1   1   1   1 | SP+TM
VITVvi_vZin03_v1.1_P49.ver1.0.g439500.p01          -          Pkinase              PF00069.31   9.6e-49  161.7   0.0   2.3e-48  160.5   0.0   1.6   2   0   0   2   2   1   1 | TM
VITVvi_vZin03_v1.1_H000057F_001.ver1.0.g098260.p01 -          Pkinase              PF00069.31   1.3e-48  161.3   0.0   1.9e-48  160.8   0.0   1.2   1   0   0   1   1   1   1 | SP+TM
VITVvi_vZin03_v1.1_H000075F_002.ver1.0.g111860.p01 -          Pkinase              PF00069.31   1.3e-48  161.3   0.0   1.9e-48  160.8   0.0   1.1   1   0   0   1   1   1   1 | SP+TM
VITVvi_vZin03_v1.1_P69.ver1.0.g486630.p01          -          Pkinase              PF00069.31   1.3e-48  161.3   0.0   1.9e-48  160.8   0.0   1.1   1   0   0   1   1   1   1 | SP+TM
VITVvi_vZin03_v1.1_P260.ver1.0.g347760.p01         -          Pkinase              PF00069.31   1.4e-48  161.2   0.0     2e-48  160.7   0.0   1.2   1   0   0   1   1   1   1 | SP+TM
VITVvi_vZin03_v1.1_P298.ver1.0.g364110.p01         -          Pkinase              PF00069.31   1.7e-48  160.9   0.0   2.8e-48  160.2   0.0   1.3   1   0   0   1   1   1   1 | TM
VITVvi_vZin03_v1.1_P209.ver1.0.g319520.p01         -          Pkinase              PF00069.31   1.8e-48  160.9   0.0   2.5e-48  160.4   0.0   1.2   1   0   0   1   1   1   1 | SP+TM
VITVvi_vZin03_v1.1_H000057F_001.ver1.0.g098320.p01 -          Pkinase              PF00069.31   1.8e-48  160.8   0.0   8.1e-48  158.7   0.0   1.9   2   0   0   2   2   1   1 | SP+TM
VITVvi_vZin03_v1.1_P49.ver1.0.g439400.p01          -          Pkinase              PF00069.31   1.9e-48  160.8   0.0   2.7e-48  160.2   0.0   1.2   1   0   0   1   1   1   1 | SP+TM
VITVvi_vZin03_v1.1_P139.ver1.0.g252290.p01         -          Pkinase              PF00069.31   2.5e-48  160.3   0.0   3.4e-48  159.9   0.0   1.2   1   0   0   1   1   1   1 | SP+TM
VITVvi_vZin03_v1.1_H000057F_001.ver1.0.g098310.p01 -          Pkinase              PF00069.31   2.7e-48  160.2   0.0   5.1e-48  159.3   0.0   1.4   1   0   0   1   1   1   1 | TM
VITVvi_vZin03_v1.1_P56.ver1.0.g461560.p01          -          Pkinase              PF00069.31   2.8e-48  160.2   0.0   4.2e-48  159.6   0.0   1.2   1   0   0   1   1   1   1 | SP+TM
VITVvi_vZin03_v1.1_P73.ver1.0.g495430.p01          -          Pkinase              PF00069.31   2.9e-48  160.2   0.0   4.6e-48  159.5   0.0   1.3   1   0   0   1   1   1   1 | SP+TM
VITVvi_vZin03_v1.1_P3.ver1.0.g364470.p01           -          Pkinase              PF00069.31   3.3e-48  160.0   0.0   4.5e-48  159.5   0.0   1.1   1   0   0   1   1   1   1 | TM
VITVvi_vZin03_v1.1_H000028F_008.ver1.0.g065970.p01 -          Pkinase              PF00069.31   3.3e-48  160.0   0.0   7.7e-48  158.8   0.0   1.6   2   0   0   2   2   1   1 | SP+TM
VITVvi_vZin03_v1.1_P28.ver1.0.g357250.p01          -          Pkinase              PF00069.31   3.4e-48  159.9   0.0     5e-48  159.4   0.0   1.2   1   0   0   1   1   1   1 | SP+TM
VITVvi_vZin03_v1.1_P779.ver1.0.g498650.p01         -          Pkinase              PF00069.31   3.9e-48  159.7   0.0   5.9e-48  159.2   0.0   1.2   1   0   0   1   1   1   1 | TM
VITVvi_vZin03_v1.1_P38.ver1.0.g398050.p01          -          Pkinase              PF00069.31   4.5e-48  159.5   0.0   6.4e-48  159.0   0.0   1.2   1   0   0   1   1   1   1 | SP+TM
VITVvi_vZin03_v1.1_P118.ver1.0.g232100.p01         -          Pkinase              PF00069.31   5.9e-48  159.2   0.0   8.6e-48  158.6   0.0   1.2   1   0   0   1   1   1   1 | SP+TM
VITVvi_vZin03_v1.1_P165.ver1.0.g283850.p01         -          Pkinase              PF00069.31   6.7e-48  159.0   0.0   9.5e-48  158.5   0.0   1.1   1   0   0   1   1   1   1 | SP+TM
VITVvi_vZin03_v1.1_H000057F_001.ver1.0.g098100.p01 -          Pkinase              PF00069.31   6.8e-48  158.9   0.0   9.9e-48  158.4   0.0   1.2   1   0   0   1   1   1   1 | SP+TM
VITVvi_vZin03_v1.1_P3.ver1.0.g364500.p01           -          Pkinase              PF00069.31   7.1e-48  158.9   0.0     1e-47  158.3   0.0   1.2   1   0   0   1   1   1   1 | SP+TM
VITVvi_vZin03_v1.1_P73.ver1.0.g495420.p01          -          Pkinase              PF00069.31   7.9e-48  158.7   0.0   1.2e-47  158.1   0.0   1.2   1   0   0   1   1   1   1 | SP+TM
VITVvi_vZin03_v1.1_P405.ver1.0.g413060.p01         -          Pkinase              PF00069.31   7.9e-48  158.7   0.0   1.3e-47  158.0   0.0   1.3   1   0   0   1   1   1   1 | SP+TM
VITVvi_vZin03_v1.1_P254.ver1.0.g345130.p01         -          Pkinase              PF00069.31   8.8e-48  158.6   0.0   1.4e-47  157.9   0.0   1.3   1   0   0   1   1   1   1 | SP+TM
VITVvi_vZin03_v1.1_H000192F_007.ver1.0.g165260.p01 -          Pkinase              PF00069.31   9.3e-48  158.5   0.0   1.5e-47  157.8   0.0   1.3   1   0   0   1   1   1   1 | SP+TM
VITVvi_vZin03_v1.1_H000012F_018.ver1.0.g039950.p01 -          Pkinase              PF00069.31     1e-47  158.3   0.0   1.4e-47  157.9   0.0   1.2   1   0   0   1   1   1   1 | TM
VITVvi_vZin03_v1.1_P129.ver1.0.g242950.p01         -          Pkinase              PF00069.31   1.1e-47  158.3   0.0   1.6e-47  157.7   0.0   1.2   1   0   0   1   1   1   1 | SP+TM
VITVvi_vZin03_v1.1_H000162F_003.ver1.0.g155310.p01 -          Pkinase              PF00069.31   1.1e-47  158.3   0.0   1.6e-47  157.7   0.0   1.2   1   0   0   1   1   1   1 | SP+TM
VITVvi_vZin03_v1.1_H000086F_006.ver1.0.g120450.p01 -          Pkinase              PF00069.31   1.2e-47  158.1   0.0   1.9e-47  157.5   0.0   1.3   1   0   0   1   1   1   1 | SP+TM
VITVvi_vZin03_v1.1_P73.ver1.0.g495410.p01          -          Pkinase              PF00069.31   1.2e-47  158.1   0.0   1.9e-47  157.5   0.0   1.2   1   0   0   1   1   1   1 | SP+TM
VITVvi_vZin03_v1.1_P3.ver1.0.g364520.p01           -          Pkinase              PF00069.31   1.2e-47  158.1   0.0     2e-47  157.4   0.0   1.3   1   0   0   1   1   1   1 | SP+TM
VITVvi_vZin03_v1.1_H000027F_008.ver1.0.g063870.p01 -          Pkinase              PF00069.31   1.3e-47  158.0   0.0     2e-47  157.4   0.0   1.2   1   0   0   1   1   1   1 | TM
VITVvi_vZin03_v1.1_P312.ver1.0.g376060.p01         -          Pkinase              PF00069.31   1.4e-47  157.9   0.0   2.1e-47  157.3   0.0   1.2   1   0   0   1   1   1   1 | SP+TM
VITVvi_vZin03_v1.1_P49.ver1.0.g439490.p01          -          Pkinase              PF00069.31   1.8e-47  157.6   0.0   2.9e-47  156.9   0.0   1.3   1   0   0   1   1   1   1 | TM
VITVvi_vZin03_v1.1_P53.ver1.0.g453140.p01          -          Pkinase              PF00069.31   1.9e-47  157.5   0.0   2.7e-47  157.0   0.0   1.2   1   0   0   1   1   1   1 | SP+TM
VITVvi_vZin03_v1.1_H000086F_006.ver1.0.g120420.p01 -          Pkinase              PF00069.31     2e-47  157.4   0.0     3e-47  156.8   0.0   1.2   1   0   0   1   1   1   1 | SP+TM
VITVvi_vZin03_v1.1_P155.ver1.0.g274350.p01         -          Pkinase              PF00069.31     2e-47  157.4   0.0   3.4e-47  156.7   0.0   1.3   1   0   0   1   1   1   1 | SP+TM
VITVvi_vZin03_v1.1_H000204F_002.ver1.0.g168080.p01 -          Pkinase              PF00069.31     2e-47  157.4   0.0   2.8e-47  156.9   0.0   1.1   1   0   0   1   1   1   1 | SP+TM
VITVvi_vZin03_v1.1_P5.ver1.0.g445190.p01           -          Pkinase              PF00069.31   2.1e-47  157.3   0.0   3.1e-47  156.8   0.0   1.2   1   0   0   1   1   1   1 | SP+TM
VITVvi_vZin03_v1.1_P279.ver1.0.g355820.p01         -          Pkinase              PF00069.31   2.2e-47  157.3   0.0   3.3e-47  156.7   0.0   1.2   1   0   0   1   1   1   1 | SP+TM
VITVvi_vZin03_v1.1_P28.ver1.0.g357690.p01          -          Pkinase              PF00069.31   2.3e-47  157.2   0.1   3.4e-47  156.7   0.1   1.2   1   0   0   1   1   1   1 | TM
VITVvi_vZin03_v1.1_P14.ver1.0.g256140.p01          -          Pkinase              PF00069.31   2.6e-47  157.0   0.0   3.8e-47  156.5   0.0   1.2   1   0   0   1   1   1   1 | SP+TM
VITVvi_vZin03_v1.1_P49.ver1.0.g439440.p01          -          Pkinase              PF00069.31   2.6e-47  157.0   0.0   4.3e-47  156.3   0.0   1.3   1   0   0   1   1   1   1 | SP+TM
VITVvi_vZin03_v1.1_P61.ver1.0.g474820.p01          -          Pkinase              PF00069.31   2.9e-47  156.9   0.0   4.1e-47  156.4   0.0   1.1   1   0   0   1   1   1   1 | TM
VITVvi_vZin03_v1.1_H000013F_002.ver1.0.g040770.p01 -          Pkinase              PF00069.31   2.9e-47  156.9   0.0     4e-47  156.4   0.0   1.1   1   0   0   1   1   1   1 | TM
VITVvi_vZin03_v1.1_P14.ver1.0.g255860.p01          -          Pkinase              PF00069.31   3.7e-47  156.5   0.0   5.6e-47  155.9   0.0   1.2   1   0   0   1   1   1   1 | SP+TM
VITVvi_vZin03_v1.1_P34.ver1.0.g384230.p01          -          Pkinase              PF00069.31   4.1e-47  156.4   0.0   5.8e-47  155.9   0.0   1.2   1   0   0   1   1   1   1 | SP+TM
VITVvi_vZin03_v1.1_H000299F_003.ver1.0.g186330.p01 -          Pkinase              PF00069.31   4.3e-47  156.3   0.0   6.1e-47  155.8   0.0   1.2   1   0   0   1   1   1   1 | SP+TM
VITVvi_vZin03_v1.1_H000057F_001.ver1.0.g098300.p01 -          Pkinase              PF00069.31   4.7e-47  156.2   0.0   7.6e-47  155.5   0.0   1.3   1   0   0   1   1   1   1 | SP+TM
VITVvi_vZin03_v1.1_P46.ver1.0.g432560.p01          -          Pkinase              PF00069.31   4.8e-47  156.2   0.0     7e-47  155.6   0.0   1.2   1   0   0   1   1   1   1 | SP+TM
VITVvi_vZin03_v1.1_P25.ver1.0.g342450.p01          -          Pkinase              PF00069.31   4.9e-47  156.1   0.0     9e-47  155.3   0.0   1.4   1   0   0   1   1   1   1 | TM
VITVvi_vZin03_v1.1_H000136F_002.ver1.0.g143740.p01 -          Pkinase              PF00069.31   4.9e-47  156.1   0.0   7.4e-47  155.5   0.0   1.2   1   0   0   1   1   1   1 | SP+TM
VITVvi_vZin03_v1.1_P409.ver1.0.g413680.p01         -          Pkinase              PF00069.31     5e-47  156.1   0.0   6.4e-47  155.7   0.0   1.1   1   0   0   1   1   1   1 | TM
VITVvi_vZin03_v1.1_H000318F_005.ver1.0.g187610.p01 -          Pkinase              PF00069.31   5.6e-47  155.9   0.0     8e-47  155.4   0.0   1.1   1   0   0   1   1   1   1 | SP+TM
VITVvi_vZin03_v1.1_H000013F_003.ver1.0.g041060.p01 -          Pkinase              PF00069.31   5.7e-47  155.9   0.0   8.7e-47  155.3   0.0   1.2   1   0   0   1   1   1   1 | SP+TM
VITVvi_vZin03_v1.1_P50.ver1.0.g446890.p01          -          Pkinase              PF00069.31   6.1e-47  155.8   0.0   8.7e-47  155.3   0.0   1.2   1   0   0   1   1   1   1 | SP+TM
VITVvi_vZin03_v1.1_H000060F_006.ver1.0.g101630.p01 -          Pkinase              PF00069.31   6.1e-47  155.8   0.0   8.8e-47  155.3   0.0   1.2   1   0   0   1   1   1   1 | SP+TM
VITVvi_vZin03_v1.1_P13.ver1.0.g245140.p01          -          Pkinase              PF00069.31   6.3e-47  155.8   0.0   8.6e-47  155.3   0.0   1.1   1   0   0   1   1   1   1 | TM
VITVvi_vZin03_v1.1_P177.ver1.0.g292570.p01         -          Pkinase              PF00069.31   6.5e-47  155.7   0.0   8.9e-47  155.3   0.0   1.1   1   0   0   1   1   1   1 | SP+TM
VITVvi_vZin03_v1.1_P2.ver1.0.g311130.p01           -          Pkinase              PF00069.31   7.4e-47  155.5   0.1   1.1e-46  155.0   0.1   1.2   1   0   0   1   1   1   1 | SP+TM
VITVvi_vZin03_v1.1_H000057F_001.ver1.0.g098340.p01 -          Pkinase              PF00069.31   7.7e-47  155.5   0.0   1.2e-46  154.8   0.0   1.3   1   0   0   1   1   1   1 | TM
VITVvi_vZin03_v1.1_H000013F_002.ver1.0.g040760.p01 -          Pkinase              PF00069.31   8.5e-47  155.3   0.0   1.4e-46  154.6   0.0   1.2   1   0   0   1   1   1   1 | SP+TM
VITVvi_vZin03_v1.1_H000013F_003.ver1.0.g040970.p01 -          Pkinase              PF00069.31     9e-47  155.3   0.0   1.4e-46  154.6   0.0   1.2   1   0   0   1   1   1   1 | SP+TM
VITVvi_vZin03_v1.1_P654.ver1.0.g481410.p01         -          Pkinase              PF00069.31     1e-46  155.1   0.0   1.4e-46  154.6   0.0   1.2   1   0   0   1   1   1   1 | SP+TM
VITVvi_vZin03_v1.1_P288.ver1.0.g360900.p01         -          Pkinase              PF00069.31   1.1e-46  155.0   0.0   1.8e-46  154.3   0.0   1.3   1   0   0   1   1   1   1 | TM
VITVvi_vZin03_v1.1_H000136F_002.ver1.0.g143730.p01 -          Pkinase              PF00069.31   1.1e-46  155.0   0.0   1.8e-46  154.2   0.0   1.3   1   0   0   1   1   1   1 | SP+TM
VITVvi_vZin03_v1.1_P118.ver1.0.g232090.p01         -          Pkinase              PF00069.31   1.1e-46  155.0   0.0   1.8e-46  154.2   0.0   1.3   1   0   0   1   1   1   1 | SP+TM
VITVvi_vZin03_v1.1_P128.ver1.0.g241860.p01         -          Pkinase              PF00069.31   1.1e-46  154.9   0.0   1.9e-46  154.2   0.0   1.2   1   0   0   1   1   1   1 | SP+TM
VITVvi_vZin03_v1.1_P2.ver1.0.g309590.p01           -          Pkinase              PF00069.31   1.2e-46  154.8   0.1   1.7e-46  154.4   0.1   1.1   1   0   0   1   1   1   1 | TM
VITVvi_vZin03_v1.1_H000373F_003.ver1.0.g190780.p01 -          Pkinase              PF00069.31   1.2e-46  154.8   0.0   2.1e-46  154.1   0.0   1.3   1   0   0   1   1   1   1 | TM
VITVvi_vZin03_v1.1_H000041F_010.ver1.0.g076670.p01 -          Pkinase              PF00069.31   1.3e-46  154.7   0.0   1.8e-46  154.2   0.0   1.1   1   0   0   1   1   1   1 | SP+TM
VITVvi_vZin03_v1.1_P36.ver1.0.g390310.p01          -          Pkinase              PF00069.31   1.3e-46  154.7   0.0   1.8e-46  154.2   0.0   1.1   1   0   0   1   1   1   1 | SP+TM
VITVvi_vZin03_v1.1_P254.ver1.0.g345150.p01         -          Pkinase              PF00069.31   1.4e-46  154.6   0.0   2.1e-46  154.1   0.0   1.2   1   0   0   1   1   1   1 | SP+TM
VITVvi_vZin03_v1.1_P409.ver1.0.g413660.p01         -          Pkinase              PF00069.31   1.7e-46  154.3   0.0     3e-46  153.6   0.0   1.3   1   0   0   1   1   1   1 | SP+TM
VITVvi_vZin03_v1.1_H000013F_003.ver1.0.g041020.p01 -          Pkinase              PF00069.31   1.7e-46  154.3   0.0   2.8e-46  153.7   0.0   1.3   1   0   0   1   1   1   1 | TM
VITVvi_vZin03_v1.1_P14.ver1.0.g256110.p01          -          Pkinase              PF00069.31   1.7e-46  154.3   0.0   2.8e-46  153.7   0.0   1.3   1   0   0   1   1   1   1 | TM
VITVvi_vZin03_v1.1_H000464F_001.ver1.0.g194380.p01 -          Pkinase              PF00069.31   1.8e-46  154.3   0.0   2.6e-46  153.7   0.0   1.2   1   0   0   1   1   1   1 | TM
VITVvi_vZin03_v1.1_P44.ver1.0.g426360.p01          -          Pkinase              PF00069.31   1.8e-46  154.3   0.0   2.7e-46  153.7   0.0   1.3   1   0   0   1   1   1   1 | TM
VITVvi_vZin03_v1.1_P152.ver1.0.g270980.p01         -          Pkinase              PF00069.31   1.8e-46  154.3   0.1   2.5e-46  153.8   0.1   1.2   1   0   0   1   1   1   1 | TM
VITVvi_vZin03_v1.1_P44.ver1.0.g426390.p01          -          Pkinase              PF00069.31   1.9e-46  154.2   0.0   2.8e-46  153.6   0.0   1.2   1   0   0   1   1   1   1 | SP+TM
VITVvi_vZin03_v1.1_H000079F_010.ver1.0.g113650.p01 -          Pkinase              PF00069.31     2e-46  154.2   0.0   2.7e-46  153.7   0.0   1.2   1   0   0   1   1   1   1 | SP+TM
VITVvi_vZin03_v1.1_H000079F_014.ver1.0.g114300.p01 -          Pkinase              PF00069.31     2e-46  154.2   0.0   2.7e-46  153.7   0.0   1.2   1   0   0   1   1   1   1 | SP+TM
VITVvi_vZin03_v1.1_P50.ver1.0.g446880.p01          -          Pkinase              PF00069.31     2e-46  154.1   0.0   3.1e-46  153.5   0.0   1.2   1   0   0   1   1   1   1 | SP+TM
VITVvi_vZin03_v1.1_H000060F_006.ver1.0.g101620.p01 -          Pkinase              PF00069.31   2.1e-46  154.1   0.0   3.2e-46  153.5   0.0   1.2   1   0   0   1   1   1   1 | SP+TM
VITVvi_vZin03_v1.1_P122.ver1.0.g239370.p01         -          Pkinase              PF00069.31   2.1e-46  154.1   0.0   2.9e-46  153.6   0.0   1.1   1   0   0   1   1   1   1 | TM
VITVvi_vZin03_v1.1_P36.ver1.0.g390290.p01          -          Pkinase              PF00069.31   2.2e-46  154.0   0.0     3e-46  153.5   0.0   1.2   1   0   0   1   1   1   1 | SP+TM
VITVvi_vZin03_v1.1_H000041F_010.ver1.0.g076650.p01 -          Pkinase              PF00069.31   2.2e-46  154.0   0.0     3e-46  153.5   0.0   1.2   1   0   0   1   1   1   1 | SP+TM
VITVvi_vZin03_v1.1_H000013F_003.ver1.0.g040980.p01 -          Pkinase              PF00069.31   2.5e-46  153.8   0.0   4.3e-46  153.0   0.0   1.3   1   0   0   1   1   1   1 | SP+TM
VITVvi_vZin03_v1.1_H000230F_001.ver1.0.g175090.p01 -          Pkinase              PF00069.31   2.6e-46  153.7   0.0   3.6e-46  153.3   0.0   1.2   1   0   0   1   1   1   1 | SP+TM
VITVvi_vZin03_v1.1_P28.ver1.0.g357670.p01          -          Pkinase              PF00069.31   3.5e-46  153.3   0.1   5.3e-46  152.7   0.1   1.2   1   0   0   1   1   1   1 | TM
VITVvi_vZin03_v1.1_P53.ver1.0.g452810.p01          -          Pkinase              PF00069.31     4e-46  153.1   0.0   5.4e-46  152.7   0.0   1.1   1   0   0   1   1   1   1 | TM
VITVvi_vZin03_v1.1_P714.ver1.0.g493090.p01         -          Pkinase              PF00069.31   4.2e-46  153.1   0.0   5.8e-46  152.6   0.0   1.1   1   0   0   1   1   1   1 | TM
VITVvi_vZin03_v1.1_P14.ver1.0.g256090.p01          -          Pkinase              PF00069.31   4.6e-46  152.9   0.0   6.8e-46  152.4   0.0   1.2   1   0   0   1   1   1   1 | SP+TM
VITVvi_vZin03_v1.1_P112.ver1.0.g225320.p01         -          Pkinase              PF00069.31   4.6e-46  152.9   0.0   6.5e-46  152.4   0.0   1.2   1   0   0   1   1   1   1 | SP+TM
VITVvi_vZin03_v1.1_P3.ver1.0.g364510.p01           -          Pkinase              PF00069.31   4.7e-46  152.9   0.0     7e-46  152.3   0.0   1.2   1   0   0   1   1   1   1 | SP+TM
VITVvi_vZin03_v1.1_P50.ver1.0.g446860.p01          -          Pkinase              PF00069.31   4.8e-46  152.9   0.0   6.9e-46  152.4   0.0   1.2   1   0   0   1   1   1   1 | SP+TM
VITVvi_vZin03_v1.1_H000013F_003.ver1.0.g040990.p01 -          Pkinase              PF00069.31   4.8e-46  152.9   0.0   9.1e-46  152.0   0.0   1.4   1   0   0   1   1   1   1 | SP+TM
VITVvi_vZin03_v1.1_P658.ver1.0.g481470.p01         -          Pkinase              PF00069.31   4.8e-46  152.9   0.0   6.9e-46  152.4   0.0   1.1   1   0   0   1   1   1   1 | TM
VITVvi_vZin03_v1.1_H000013F_002.ver1.0.g040830.p01 -          Pkinase              PF00069.31   5.5e-46  152.7   0.0   8.7e-46  152.0   0.0   1.4   1   0   0   1   1   1   1 | SP+TM
VITVvi_vZin03_v1.1_P744.ver1.0.g496250.p01         -          Pkinase              PF00069.31   5.6e-46  152.6   0.0   7.8e-46  152.2   0.0   1.1   1   0   0   1   1   1   1 | TM
VITVvi_vZin03_v1.1_P112.ver1.0.g225380.p01         -          Pkinase              PF00069.31   7.2e-46  152.3   0.0   9.7e-46  151.9   0.0   1.1   1   0   0   1   1   1   1 | SP+TM
VITVvi_vZin03_v1.1_P44.ver1.0.g426380.p01          -          Pkinase              PF00069.31   7.3e-46  152.3   0.0   1.1e-45  151.6   0.0   1.3   1   0   0   1   1   1   1 | SP+TM
VITVvi_vZin03_v1.1_P3.ver1.0.g364420.p01           -          Pkinase              PF00069.31   8.2e-46  152.1   0.0   1.1e-45  151.7   0.0   1.1   1   0   0   1   1   1   1 | TM
VITVvi_vZin03_v1.1_P3.ver1.0.g364440.p01           -          Pkinase              PF00069.31   8.8e-46  152.0   0.0   1.2e-45  151.5   0.0   1.1   1   0   0   1   1   1   1 | TM
VITVvi_vZin03_v1.1_P155.ver1.0.g274420.p01         -          Pkinase              PF00069.31   9.3e-46  151.9   0.0   1.5e-45  151.2   0.0   1.3   1   0   0   1   1   1   1 | SP+TM
VITVvi_vZin03_v1.1_H000153F_005.ver1.0.g152800.p01 -          Pkinase              PF00069.31     1e-45  151.8   0.0   1.4e-45  151.3   0.0   1.2   1   0   0   1   1   1   1 | SP+TM
VITVvi_vZin03_v1.1_P201.ver1.0.g317190.p01         -          Pkinase              PF00069.31     1e-45  151.8   0.0   1.5e-45  151.3   0.0   1.2   1   0   0   1   1   1   1 | SP+TM
VITVvi_vZin03_v1.1_P468.ver1.0.g433880.p01         -          Pkinase              PF00069.31   1.1e-45  151.7   0.0   1.9e-45  150.9   0.0   1.2   1   0   0   1   1   1   1 | SP+TM
VITVvi_vZin03_v1.1_H000004F_005.ver1.0.g016950.p01 -          Pkinase              PF00069.31   1.1e-45  151.7   0.1   1.5e-45  151.2   0.1   1.2   1   0   0   1   1   1   1 | SP+TM
VITVvi_vZin03_v1.1_P71.ver1.0.g492640.p01          -          Pkinase              PF00069.31   1.2e-45  151.6   0.0   1.9e-45  150.9   0.0   1.2   1   0   0   1   1   1   1 | SP+TM
VITVvi_vZin03_v1.1_P112.ver1.0.g225350.p01         -          Pkinase              PF00069.31   1.4e-45  151.4   0.0   1.9e-45  150.9   0.0   1.2   1   0   0   1   1   1   1 | SP+TM
VITVvi_vZin03_v1.1_P28.ver1.0.g357680.p01          -          Pkinase              PF00069.31   1.4e-45  151.4   0.1   2.2e-45  150.7   0.1   1.2   1   0   0   1   1   1   1 | TM
VITVvi_vZin03_v1.1_P50.ver1.0.g446870.p01          -          Pkinase              PF00069.31   1.4e-45  151.3   0.0     2e-45  150.8   0.0   1.2   1   0   0   1   1   1   1 | SP+TM
VITVvi_vZin03_v1.1_H000060F_006.ver1.0.g101610.p01 -          Pkinase              PF00069.31   1.4e-45  151.3   0.0     2e-45  150.8   0.0   1.2   1   0   0   1   1   1   1 | SP+TM
VITVvi_vZin03_v1.1_H000155F_004.ver1.0.g153220.p01 -          Pkinase              PF00069.31   1.4e-45  151.3   0.0   2.2e-45  150.7   0.0   1.2   1   0   0   1   1   1   1 | SP+TM
VITVvi_vZin03_v1.1_P27.ver1.0.g351500.p01          -          Pkinase              PF00069.31   1.4e-45  151.3   0.0   2.2e-45  150.7   0.0   1.2   1   0   0   1   1   1   1 | SP+TM
VITVvi_vZin03_v1.1_H000192F_007.ver1.0.g165250.p01 -          Pkinase              PF00069.31   1.5e-45  151.3   0.0   2.1e-45  150.8   0.0   1.2   1   0   0   1   1   1   1 | SP+TM
VITVvi_vZin03_v1.1_P165.ver1.0.g283860.p01         -          Pkinase              PF00069.31   1.6e-45  151.2   0.0   2.2e-45  150.7   0.0   1.2   1   0   0   1   1   1   1 | SP+TM
VITVvi_vZin03_v1.1_P44.ver1.0.g426280.p01          -          Pkinase              PF00069.31   1.9e-45  150.9   0.0   2.9e-45  150.3   0.0   1.2   1   0   0   1   1   1   1 | TM
VITVvi_vZin03_v1.1_H000153F_005.ver1.0.g152850.p01 -          Pkinase              PF00069.31     2e-45  150.9   0.0   2.8e-45  150.4   0.0   1.2   1   0   0   1   1   1   1 | SP+TM
VITVvi_vZin03_v1.1_P14.ver1.0.g255950.p01          -          Pkinase              PF00069.31     2e-45  150.8   0.0   3.8e-45  149.9   0.0   1.3   1   0   0   1   1   1   1 | SP+TM
VITVvi_vZin03_v1.1_H000060F_006.ver1.0.g101600.p01 -          Pkinase              PF00069.31     2e-45  150.8   0.0   2.9e-45  150.3   0.0   1.2   1   0   0   1   1   1   1 | SP+TM
VITVvi_vZin03_v1.1_P54.ver1.0.g457670.p01          -          Pkinase              PF00069.31   2.5e-45  150.5   0.0   3.4e-45  150.1   0.0   1.2   1   0   0   1   1   1   1 | TM
VITVvi_vZin03_v1.1_P184.ver1.0.g298920.p01         -          Pkinase              PF00069.31   2.6e-45  150.5   0.0   3.5e-45  150.0   0.0   1.2   1   0   0   1   1   1   1 | SP+TM
VITVvi_vZin03_v1.1_H000233F_004.ver1.0.g176400.p01 -          Pkinase              PF00069.31   2.6e-45  150.5   0.0   3.5e-45  150.0   0.0   1.2   1   0   0   1   1   1   1 | SP+TM
VITVvi_vZin03_v1.1_P14.ver1.0.g255980.p01          -          Pkinase              PF00069.31   2.9e-45  150.3   0.1     6e-45  149.3   0.0   1.6   2   0   0   2   2   1   1 | TM
VITVvi_vZin03_v1.1_H000091F_004.ver1.0.g121840.p01 -          Pkinase              PF00069.31     3e-45  150.3   0.0   7.3e-45  149.0   0.0   1.6   2   0   0   2   2   1   1 | SP+TM
VITVvi_vZin03_v1.1_P80.ver1.0.g505240.p01          -          Pkinase              PF00069.31     3e-45  150.3   0.0   7.3e-45  149.0   0.0   1.6   2   0   0   2   2   1   1 | SP+TM
VITVvi_vZin03_v1.1_P53.ver1.0.g453130.p01          -          Pkinase              PF00069.31   3.1e-45  150.2   0.0   4.5e-45  149.7   0.0   1.2   1   0   0   1   1   1   1 | SP+TM
VITVvi_vZin03_v1.1_P112.ver1.0.g225360.p01         -          Pkinase              PF00069.31     4e-45  149.8   0.0     6e-45  149.3   0.0   1.2   1   0   0   1   1   1   1 | SP+TM
VITVvi_vZin03_v1.1_P148.ver1.0.g264120.p01         -          Pkinase              PF00069.31   4.6e-45  149.7   0.0   7.2e-45  149.0   0.0   1.2   1   0   0   1   1   1   1 | TM
VITVvi_vZin03_v1.1_H000064F_013.ver1.0.g106080.p01 -          Pkinase              PF00069.31   5.3e-45  149.5   0.0   7.2e-45  149.0   0.0   1.2   1   0   0   1   1   1   1 | SP+TM
VITVvi_vZin03_v1.1_H000029F_011.ver1.0.g067750.p01 -          Pkinase              PF00069.31     6e-45  149.3   0.0   8.4e-45  148.8   0.0   1.2   1   0   0   1   1   1   1 | SP+TM
VITVvi_vZin03_v1.1_H000029F_002.ver1.0.g066700.p01 -          Pkinase              PF00069.31     6e-45  149.3   0.0   8.3e-45  148.8   0.0   1.2   1   0   0   1   1   1   1 | TM
VITVvi_vZin03_v1.1_P68.ver1.0.g484900.p01          -          Pkinase              PF00069.31   6.5e-45  149.2   0.0   8.4e-45  148.8   0.0   1.1   1   0   0   1   1   1   1 | SP+TM
VITVvi_vZin03_v1.1_H000232F_006.ver1.0.g175810.p01 -          Pkinase              PF00069.31   7.5e-45  149.0   0.0   1.2e-44  148.3   0.0   1.3   1   0   0   1   1   1   1 | SP+TM
VITVvi_vZin03_v1.1_P188.ver1.0.g302390.p01         -          Pkinase              PF00069.31   7.5e-45  149.0   0.0   1.2e-44  148.3   0.0   1.3   1   0   0   1   1   1   1 | SP+TM
VITVvi_vZin03_v1.1_P152.ver1.0.g270960.p01         -          Pkinase              PF00069.31     8e-45  148.9   0.0   1.1e-44  148.4   0.0   1.2   1   0   0   1   1   1   1 | TM
VITVvi_vZin03_v1.1_H000298F_005.ver1.0.g186210.p01 -          Pkinase              PF00069.31   9.2e-45  148.7   0.0   1.2e-44  148.2   0.0   1.1   1   0   0   1   1   1   1 | SP+TM
VITVvi_vZin03_v1.1_H000008F_010.ver1.0.g029140.p01 -          Pkinase              PF00069.31   9.7e-45  148.6   0.0   1.5e-44  148.0   0.0   1.2   1   0   0   1   1   1   1 | TM
VITVvi_vZin03_v1.1_P312.ver1.0.g376040.p01         -          Pkinase              PF00069.31   9.9e-45  148.6   0.0   1.5e-44  148.0   0.0   1.2   1   0   0   1   1   1   1 | SP+TM
VITVvi_vZin03_v1.1_P12.ver1.0.g233190.p01          -          Pkinase              PF00069.31     1e-44  148.5   0.0   1.4e-44  148.0   0.0   1.2   1   0   0   1   1   1   1 | SP+TM
VITVvi_vZin03_v1.1_P107.ver1.0.g216980.p01         -          Pkinase              PF00069.31   1.1e-44  148.4   0.0   1.7e-44  147.8   0.0   1.3   1   0   0   1   1   1   1 | SP+TM
VITVvi_vZin03_v1.1_P108.ver1.0.g218440.p01         -          Pkinase              PF00069.31   1.1e-44  148.4   0.0   1.7e-44  147.8   0.0   1.3   1   0   0   1   1   1   1 | SP+TM
VITVvi_vZin03_v1.1_P73.ver1.0.g495380.p01          -          Pkinase              PF00069.31   1.2e-44  148.3   0.0   1.8e-44  147.7   0.0   1.2   1   0   0   1   1   1   1 | SP+TM
VITVvi_vZin03_v1.1_P40.ver1.0.g410000.p01          -          Pkinase              PF00069.31   1.3e-44  148.2   0.0   1.8e-44  147.7   0.0   1.2   1   0   0   1   1   1   1 | SP+TM
VITVvi_vZin03_v1.1_H000043F_008.ver1.0.g080940.p01 -          Pkinase              PF00069.31   1.3e-44  148.2   0.0   1.8e-44  147.7   0.0   1.2   1   0   0   1   1   1   1 | SP+TM
VITVvi_vZin03_v1.1_P53.ver1.0.g453150.p01          -          Pkinase              PF00069.31   1.5e-44  148.0   0.0   2.2e-44  147.5   0.0   1.2   1   0   0   1   1   1   1 | SP+TM
VITVvi_vZin03_v1.1_P444.ver1.0.g426740.p01         -          Pkinase              PF00069.31   1.5e-44  148.0   0.0   2.9e-44  147.0   0.0   1.4   2   0   0   2   2   1   1 | SP+TM
VITVvi_vZin03_v1.1_H000029F_002.ver1.0.g066660.p01 -          Pkinase              PF00069.31   1.6e-44  147.9   0.0   2.4e-44  147.3   0.0   1.2   1   0   0   1   1   1   1 | TM
VITVvi_vZin03_v1.1_P155.ver1.0.g274500.p01         -          Pkinase              PF00069.31   1.7e-44  147.8   0.0   2.6e-44  147.2   0.0   1.3   1   0   0   1   1   1   1 | SP+TM
VITVvi_vZin03_v1.1_H000039F_008.ver1.0.g075100.p01 -          Pkinase              PF00069.31   1.8e-44  147.7   0.0   2.8e-44  147.1   0.0   1.2   1   0   0   1   1   1   1 | TM
VITVvi_vZin03_v1.1_P9.ver1.0.g521000.p01           -          Pkinase              PF00069.31   2.5e-44  147.3   0.0   3.8e-44  146.6   0.0   1.2   1   0   0   1   1   1   1 | SP+TM
VITVvi_vZin03_v1.1_H000033F_008.ver1.0.g070000.p01 -          Pkinase              PF00069.31   2.5e-44  147.2   0.0   4.1e-44  146.6   0.0   1.3   1   0   0   1   1   1   1 | SP+TM
VITVvi_vZin03_v1.1_P279.ver1.0.g355790.p01         -          Pkinase              PF00069.31   2.5e-44  147.2   0.0   3.9e-44  146.6   0.0   1.2   1   0   0   1   1   1   1 | SP+TM
VITVvi_vZin03_v1.1_P37.ver1.0.g394300.p01          -          Pkinase              PF00069.31   2.6e-44  147.2   0.0   3.9e-44  146.6   0.0   1.2   1   0   0   1   1   1   1 | TM
VITVvi_vZin03_v1.1_H000037F_013.ver1.0.g074710.p01 -          Pkinase              PF00069.31   2.8e-44  147.1   0.0   4.2e-44  146.5   0.0   1.2   1   0   0   1   1   1   1 | SP+TM
VITVvi_vZin03_v1.1_P14.ver1.0.g256150.p01          -          Pkinase              PF00069.31   2.9e-44  147.0   0.0   4.1e-44  146.5   0.0   1.2   1   0   0   1   1   1   1 | SP+TM
VITVvi_vZin03_v1.1_P28.ver1.0.g356210.p01          -          Pkinase              PF00069.31   2.9e-44  147.0   0.0   4.4e-44  146.4   0.0   1.2   1   0   0   1   1   1   1 | SP+TM
VITVvi_vZin03_v1.1_P440.ver1.0.g426500.p01         -          Pkinase              PF00069.31     3e-44  147.0   0.1   4.5e-44  146.4   0.1   1.2   1   0   0   1   1   1   1 | TM
VITVvi_vZin03_v1.1_P113.ver1.0.g227580.p01         -          Pkinase              PF00069.31   3.1e-44  146.9   0.0   4.2e-44  146.5   0.0   1.2   1   0   0   1   1   1   1 | SP+TM
VITVvi_vZin03_v1.1_P155.ver1.0.g274530.p01         -          Pkinase              PF00069.31   3.1e-44  146.9   0.0   4.6e-44  146.4   0.0   1.2   1   0   0   1   1   1   1 | SP+TM
VITVvi_vZin03_v1.1_P51.ver1.0.g449180.p01          -          Pkinase              PF00069.31     4e-44  146.6   0.0   6.5e-44  145.9   0.0   1.3   1   0   0   1   1   1   1 | SP+TM
VITVvi_vZin03_v1.1_H000128F_003.ver1.0.g140000.p01 -          Pkinase              PF00069.31   4.5e-44  146.4   0.0   6.3e-44  145.9   0.0   1.2   1   0   0   1   1   1   1 | SP+TM
VITVvi_vZin03_v1.1_P106.ver1.0.g216340.p01         -          Pkinase              PF00069.31   4.5e-44  146.4   0.0   6.3e-44  145.9   0.0   1.2   1   0   0   1   1   1   1 | SP+TM
VITVvi_vZin03_v1.1_P64.ver1.0.g479370.p01          -          Pkinase              PF00069.31   4.9e-44  146.3   0.0   7.7e-44  145.6   0.0   1.2   1   0   0   1   1   1   1 | SP+TM
VITVvi_vZin03_v1.1_P25.ver1.0.g342250.p01          -          Pkinase              PF00069.31     5e-44  146.3   0.0   7.5e-44  145.7   0.0   1.2   1   0   0   1   1   1   1 | SP+TM
VITVvi_vZin03_v1.1_H000464F_001.ver1.0.g194280.p01 -          Pkinase              PF00069.31   6.1e-44  146.0   0.0   8.5e-44  145.5   0.0   1.1   1   0   0   1   1   1   1 | TM
VITVvi_vZin03_v1.1_P14.ver1.0.g253620.p01          -          Pkinase              PF00069.31   6.9e-44  145.8   0.0   9.6e-44  145.3   0.0   1.2   1   0   0   1   1   1   1 | SP+TM
VITVvi_vZin03_v1.1_P398.ver1.0.g403160.p01         -          Pkinase              PF00069.31   8.7e-44  145.5   0.1   1.3e-43  144.9   0.1   1.2   1   0   0   1   1   1   1 | TM
VITVvi_vZin03_v1.1_H000027F_017.ver1.0.g065030.p01 -          Pkinase              PF00069.31   8.7e-44  145.5   0.0   1.3e-43  144.9   0.0   1.2   1   0   0   1   1   1   1 | SP+TM
VITVvi_vZin03_v1.1_H000043F_003.ver1.0.g079770.p01 -          Pkinase              PF00069.31   9.4e-44  145.4   0.0   1.3e-43  144.9   0.0   1.2   1   0   0   1   1   1   1 | SP+TM
VITVvi_vZin03_v1.1_P645.ver1.0.g480630.p01         -          Pkinase              PF00069.31   1.3e-43  144.9   0.0   1.7e-43  144.6   0.0   1.1   1   0   0   1   1   1   1 | SP+TM
VITVvi_vZin03_v1.1_H000067F_008.ver1.0.g107850.p01 -          Pkinase              PF00069.31   1.4e-43  144.8   0.0     2e-43  144.3   0.0   1.2   1   0   0   1   1   1   1 | SP+TM
VITVvi_vZin03_v1.1_P40.ver1.0.g410640.p01          -          Pkinase              PF00069.31   1.4e-43  144.8   0.0     2e-43  144.3   0.0   1.2   1   0   0   1   1   1   1 | SP+TM
VITVvi_vZin03_v1.1_H000183F_001.ver1.0.g162760.p01 -          Pkinase              PF00069.31   1.5e-43  144.7   0.0   2.1e-43  144.2   0.0   1.1   1   0   0   1   1   1   1 | SP+TM
VITVvi_vZin03_v1.1_H000120F_006.ver1.0.g136650.p01 -          Pkinase              PF00069.31   1.6e-43  144.6   0.0   2.2e-43  144.2   0.0   1.2   1   0   0   1   1   1   1 | SP+TM
VITVvi_vZin03_v1.1_P155.ver1.0.g273990.p01         -          Pkinase              PF00069.31   1.6e-43  144.6   0.0   2.2e-43  144.2   0.0   1.1   1   0   0   1   1   1   1 | SP+TM
VITVvi_vZin03_v1.1_P304.ver1.0.g372350.p01         -          Pkinase              PF00069.31   1.7e-43  144.5   0.0   2.2e-43  144.1   0.0   1.1   1   0   0   1   1   1   1 | SP+TM
VITVvi_vZin03_v1.1_P645.ver1.0.g480640.p01         -          Pkinase              PF00069.31   2.4e-43  144.0   0.0   3.1e-43  143.7   0.0   1.1   1   0   0   1   1   1   1 | SP+TM
VITVvi_vZin03_v1.1_P110.ver1.0.g223860.p01         -          Pkinase              PF00069.31   2.6e-43  143.9   0.0     4e-43  143.3   0.0   1.2   1   0   0   1   1   1   1 | TM
VITVvi_vZin03_v1.1_P365.ver1.0.g392630.p01         -          Pkinase              PF00069.31   2.7e-43  143.8   0.0   4.1e-43  143.3   0.0   1.2   1   0   0   1   1   1   1 | SP+TM
VITVvi_vZin03_v1.1_P26.ver1.0.g347400.p01          -          Pkinase              PF00069.31   2.8e-43  143.8   0.0   4.2e-43  143.2   0.0   1.2   1   0   0   1   1   1   1 | SP+TM
VITVvi_vZin03_v1.1_H000412F_001.ver1.0.g192250.p01 -          Pkinase              PF00069.31   3.1e-43  143.7   0.0   4.6e-43  143.1   0.0   1.2   1   0   0   1   1   1   1 | SP+TM
VITVvi_vZin03_v1.1_P77.ver1.0.g498080.p01          -          Pkinase              PF00069.31   3.5e-43  143.5   0.0   4.8e-43  143.0   0.0   1.1   1   0   0   1   1   1   1 | SP+TM
VITVvi_vZin03_v1.1_P146.ver1.0.g262330.p01         -          Pkinase              PF00069.31   5.7e-43  142.8   0.0   7.9e-43  142.3   0.0   1.2   1   0   0   1   1   1   1 | SP+TM
VITVvi_vZin03_v1.1_P125.ver1.0.g241040.p01         -          Pkinase              PF00069.31   6.5e-43  142.6   0.0     1e-42  142.0   0.0   1.2   1   0   0   1   1   1   1 | SP+TM
VITVvi_vZin03_v1.1_P398.ver1.0.g403150.p01         -          Pkinase              PF00069.31   7.1e-43  142.5   0.0   1.1e-42  141.8   0.0   1.3   1   0   0   1   1   1   1 | SP+TM
VITVvi_vZin03_v1.1_P112.ver1.0.g225410.p01         -          Pkinase              PF00069.31   7.5e-43  142.4   0.0   1.1e-42  141.9   0.0   1.2   1   0   0   1   1   1   1 | SP+TM
VITVvi_vZin03_v1.1_P194.ver1.0.g307500.p01         -          Pkinase              PF00069.31   8.6e-43  142.2   0.0   1.2e-42  141.8   0.0   1.2   1   0   0   1   1   1   1 | SP+TM
VITVvi_vZin03_v1.1_P407.ver1.0.g413230.p01         -          Pkinase              PF00069.31   9.6e-43  142.1   0.2   1.4e-42  141.5   0.2   1.2   1   0   0   1   1   1   1 | TM
VITVvi_vZin03_v1.1_P157.ver1.0.g276780.p01         -          Pkinase              PF00069.31   1.1e-42  141.9   0.0   1.5e-42  141.4   0.0   1.2   1   0   0   1   1   1   1 | TM
VITVvi_vZin03_v1.1_H000122F_003.ver1.0.g137770.p01 -          Pkinase              PF00069.31   1.3e-42  141.6   0.0     2e-42  141.0   0.0   1.2   1   0   0   1   1   1   1 | SP+TM
VITVvi_vZin03_v1.1_H000572F_001.ver1.0.g196630.p01 -          Pkinase              PF00069.31   1.4e-42  141.5   0.0   2.3e-42  140.8   0.0   1.3   1   0   0   1   1   1   1 | SP+TM
VITVvi_vZin03_v1.1_P58.ver1.0.g464900.p01          -          Pkinase              PF00069.31   1.5e-42  141.4   0.0   2.2e-42  140.9   0.0   1.2   1   0   0   1   1   1   1 | SP+TM
VITVvi_vZin03_v1.1_H000051F_004.ver1.0.g090330.p01 -          Pkinase              PF00069.31   1.6e-42  141.4   0.0   2.2e-42  140.9   0.0   1.1   1   0   0   1   1   1   1 | SP+TM
VITVvi_vZin03_v1.1_P25.ver1.0.g343190.p01          -          Pkinase              PF00069.31   1.6e-42  141.4   0.0   2.2e-42  140.9   0.0   1.1   1   0   0   1   1   1   1 | SP+TM
VITVvi_vZin03_v1.1_H000005F_004.ver1.0.g020140.p01 -          Pkinase              PF00069.31   1.9e-42  141.1   0.0   2.6e-42  140.6   0.0   1.1   1   0   0   1   1   1   1 | SP+TM
VITVvi_vZin03_v1.1_P6.ver1.0.g471210.p01           -          Pkinase              PF00069.31   1.9e-42  141.1   0.0   2.6e-42  140.6   0.0   1.1   1   0   0   1   1   1   1 | SP+TM
VITVvi_vZin03_v1.1_H000153F_005.ver1.0.g152830.p01 -          Pkinase              PF00069.31     3e-42  140.4   0.0   4.2e-42  140.0   0.0   1.1   1   0   0   1   1   1   1 | SP+TM
VITVvi_vZin03_v1.1_P224.ver1.0.g329700.p01         -          Pkinase              PF00069.31   3.3e-42  140.3   0.0   4.7e-42  139.8   0.0   1.2   1   0   0   1   1   1   1 | SP+TM
VITVvi_vZin03_v1.1_H000286F_002.ver1.0.g184330.p01 -          Pkinase              PF00069.31   3.3e-42  140.3   0.0   4.7e-42  139.8   0.0   1.1   1   0   0   1   1   1   1 | SP+TM
VITVvi_vZin03_v1.1_P128.ver1.0.g241870.p01         -          Pkinase              PF00069.31   3.4e-42  140.2   0.0   5.5e-42  139.6   0.0   1.2   1   0   0   1   1   1   1 | SP+TM
VITVvi_vZin03_v1.1_H000027F_017.ver1.0.g064940.p01 -          Pkinase              PF00069.31   3.7e-42  140.1   0.0   5.5e-42  139.6   0.0   1.2   1   0   0   1   1   1   1 | SP+TM
VITVvi_vZin03_v1.1_P25.ver1.0.g342170.p01          -          Pkinase              PF00069.31   3.7e-42  140.1   0.0   5.5e-42  139.6   0.0   1.2   1   0   0   1   1   1   1 | SP+TM
VITVvi_vZin03_v1.1_H000214F_005.ver1.0.g172290.p01 -          Pkinase              PF00069.31   4.3e-42  139.9   0.0   6.2e-42  139.4   0.0   1.2   1   0   0   1   1   1   1 | SP+TM
VITVvi_vZin03_v1.1_P440.ver1.0.g426480.p01         -          Pkinase              PF00069.31   4.4e-42  139.9   0.0   6.5e-42  139.3   0.0   1.2   1   0   0   1   1   1   1 | TM
VITVvi_vZin03_v1.1_H000005F_004.ver1.0.g020790.p01 -          Pkinase              PF00069.31   7.2e-42  139.2   0.0     1e-41  138.7   0.0   1.1   1   0   0   1   1   1   1 | TM
VITVvi_vZin03_v1.1_H000041F_010.ver1.0.g076970.p01 -          Pkinase              PF00069.31   7.5e-42  139.1   0.0   1.1e-41  138.5   0.0   1.2   1   0   0   1   1   1   1 | TM
VITVvi_vZin03_v1.1_P15.ver1.0.g265470.p01          -          Pkinase              PF00069.31   9.9e-42  138.7   0.0   1.5e-41  138.1   0.0   1.2   1   0   0   1   1   1   1 | SP+TM
VITVvi_vZin03_v1.1_P36.ver1.0.g390570.p01          -          Pkinase              PF00069.31   1.1e-41  138.6   0.0   1.7e-41  137.9   0.0   1.2   1   0   0   1   1   1   1 | SP+TM
VITVvi_vZin03_v1.1_P6.ver1.0.g471960.p01           -          Pkinase              PF00069.31   1.2e-41  138.5   0.0   1.7e-41  138.0   0.0   1.1   1   0   0   1   1   1   1 | TM
VITVvi_vZin03_v1.1_H000158F_001.ver1.0.g154420.p01 -          Pkinase              PF00069.31   3.3e-41  137.0   0.0   4.8e-41  136.5   0.0   1.2   1   0   0   1   1   1   1 | SP+TM
VITVvi_vZin03_v1.1_P127.ver1.0.g241650.p01         -          Pkinase              PF00069.31   3.3e-41  137.0   0.0   4.8e-41  136.5   0.0   1.2   1   0   0   1   1   1   1 | SP+TM
VITVvi_vZin03_v1.1_P361.ver1.0.g391890.p01         -          Pkinase              PF00069.31   5.3e-41  136.3   0.0   8.1e-41  135.7   0.0   1.2   1   0   0   1   1   1   1 | SP+TM
VITVvi_vZin03_v1.1_P49.ver1.0.g439480.p01          -          Pkinase              PF00069.31   5.5e-41  136.3   0.0   4.3e-27   90.7   0.0   2.5   2   1   1   3   3   2   2 | SP+TM
VITVvi_vZin03_v1.1_P25.ver1.0.g342180.p01          -          Pkinase              PF00069.31   6.6e-41  136.0   0.0   1.1e-40  135.3   0.0   1.3   1   0   0   1   1   1   1 | SP+TM
VITVvi_vZin03_v1.1_P298.ver1.0.g364070.p01         -          Pkinase              PF00069.31   7.1e-41  135.9   0.2   5.1e-36  120.0   0.0   2.2   2   0   0   2   2   2   2 | SP+TM
VITVvi_vZin03_v1.1_P307.ver1.0.g372960.p01         -          Pkinase              PF00069.31   7.2e-41  135.9   0.0   1.1e-40  135.4   0.0   1.2   1   0   0   1   1   1   1 | SP+TM
VITVvi_vZin03_v1.1_P574.ver1.0.g463780.p01         -          Pkinase              PF00069.31   7.3e-41  135.9   0.0   1.1e-40  135.3   0.0   1.2   1   0   0   1   1   1   1 | SP+TM
VITVvi_vZin03_v1.1_P135.ver1.0.g250090.p01         -          Pkinase              PF00069.31   7.6e-41  135.8   0.0   1.1e-40  135.3   0.0   1.2   1   0   0   1   1   1   1 | SP+TM
VITVvi_vZin03_v1.1_H000164F_003.ver1.0.g155800.p01 -          Pkinase              PF00069.31   7.6e-41  135.8   0.0   1.1e-40  135.3   0.0   1.2   1   0   0   1   1   1   1 | SP+TM
VITVvi_vZin03_v1.1_P80.ver1.0.g503590.p01          -          Pkinase              PF00069.31   1.1e-40  135.4   0.0   1.5e-40  134.9   0.0   1.1   1   0   0   1   1   1   1 | TM
VITVvi_vZin03_v1.1_H000237F_004.ver1.0.g177750.p01 -          Pkinase              PF00069.31   1.1e-40  135.3   0.0   1.6e-40  134.8   0.0   1.1   1   0   0   1   1   1   1 | TM
VITVvi_vZin03_v1.1_P14.ver1.0.g253590.p01          -          Pkinase              PF00069.31   1.2e-40  135.2   0.0   1.6e-40  134.7   0.0   1.2   1   0   0   1   1   1   1 | SP+TM
VITVvi_vZin03_v1.1_H000013F_002.ver1.0.g040810.p01 -          Pkinase              PF00069.31   1.3e-40  135.0   0.0   2.5e-40  134.1   0.0   1.4   1   0   0   1   1   1   1 | SP+TM
VITVvi_vZin03_v1.1_P408.ver1.0.g413520.p01         -          Pkinase              PF00069.31   1.4e-40  134.9   0.0   2.2e-40  134.3   0.0   1.2   1   0   0   1   1   1   1 | SP+TM
VITVvi_vZin03_v1.1_P88.ver1.0.g518490.p01          -          Pkinase              PF00069.31   1.6e-40  134.8   0.0   2.3e-40  134.3   0.0   1.1   1   0   0   1   1   1   1 | SP+TM
VITVvi_vZin03_v1.1_H000027F_017.ver1.0.g064950.p01 -          Pkinase              PF00069.31   1.8e-40  134.6   0.0   2.7e-40  134.0   0.0   1.2   1   0   0   1   1   1   1 | SP+TM
VITVvi_vZin03_v1.1_P175.ver1.0.g291210.p01         -          Pkinase              PF00069.31     2e-40  134.4   0.0   2.9e-40  133.9   0.0   1.2   1   0   0   1   1   1   1 | SP+TM
VITVvi_vZin03_v1.1_H000104F_007.ver1.0.g129840.p01 -          Pkinase              PF00069.31   2.4e-40  134.2   0.0   3.4e-40  133.7   0.0   1.1   1   0   0   1   1   1   1 | SP+TM
VITVvi_vZin03_v1.1_P298.ver1.0.g364010.p01         -          Pkinase              PF00069.31   2.4e-40  134.2   0.1   3.8e-40  133.5   0.1   1.2   1   0   0   1   1   1   1 | TM
VITVvi_vZin03_v1.1_H000164F_003.ver1.0.g155770.p01 -          Pkinase              PF00069.31   2.6e-40  134.1   0.0   3.6e-40  133.6   0.0   1.1   1   0   0   1   1   1   1 | SP+TM
VITVvi_vZin03_v1.1_H000029F_002.ver1.0.g066670.p01 -          Pkinase              PF00069.31   2.8e-40  134.0   0.0   4.1e-40  133.4   0.0   1.2   1   0   0   1   1   1   1 | SP+TM
VITVvi_vZin03_v1.1_P478.ver1.0.g436530.p01         -          Pkinase              PF00069.31   2.8e-40  134.0   0.1   1.3e-38  128.5   0.1   2.2   1   1   0   1   1   1   1 | TM
VITVvi_vZin03_v1.1_P14.ver1.0.g255910.p01          -          Pkinase              PF00069.31     3e-40  133.9   0.0   6.1e-40  132.9   0.0   1.5   1   0   0   1   1   1   1 | TM
VITVvi_vZin03_v1.1_H000286F_002.ver1.0.g184270.p01 -          Pkinase              PF00069.31     4e-40  133.5   0.0   6.1e-40  132.9   0.0   1.2   1   0   0   1   1   1   1 | SP+TM
VITVvi_vZin03_v1.1_H000027F_017.ver1.0.g064960.p01 -          Pkinase              PF00069.31   4.6e-40  133.3   0.0     7e-40  132.7   0.0   1.3   1   0   0   1   1   1   1 | SP+TM
VITVvi_vZin03_v1.1_P25.ver1.0.g342190.p01          -          Pkinase              PF00069.31   4.6e-40  133.3   0.0     7e-40  132.7   0.0   1.3   1   0   0   1   1   1   1 | SP+TM
VITVvi_vZin03_v1.1_P224.ver1.0.g329650.p01         -          Pkinase              PF00069.31   6.3e-40  132.8   0.0   9.6e-40  132.2   0.0   1.2   1   0   0   1   1   1   1 | SP+TM
VITVvi_vZin03_v1.1_P39.ver1.0.g400230.p01          -          Pkinase              PF00069.31   1.4e-39  131.7   0.0   2.1e-39  131.1   0.0   1.1   1   0   0   1   1   1   1 | SP+TM
VITVvi_vZin03_v1.1_H000035F_001.ver1.0.g072300.p01 -          Pkinase              PF00069.31   1.4e-39  131.7   0.0   2.1e-39  131.1   0.0   1.1   1   0   0   1   1   1   1 | SP+TM
VITVvi_vZin03_v1.1_H000042F_003.ver1.0.g078620.p01 -          Pkinase              PF00069.31   1.4e-39  131.6   0.0   2.7e-39  130.8   0.0   1.4   1   0   0   1   1   1   1 | SP+TM
VITVvi_vZin03_v1.1_H000019F_008.ver1.0.g052710.p01 -          Pkinase              PF00069.31   3.3e-39  130.5   0.0   4.9e-39  129.9   0.0   1.2   1   0   0   1   1   1   1 | SP+TM
VITVvi_vZin03_v1.1_P1.ver1.0.g208420.p01           -          Pkinase              PF00069.31   3.7e-39  130.3   0.0   5.5e-39  129.7   0.0   1.1   1   0   0   1   1   1   1 | SP+TM
VITVvi_vZin03_v1.1_H000095F_003.ver1.0.g124910.p01 -          Pkinase              PF00069.31   4.2e-39  130.1   0.0   5.7e-39  129.7   0.0   1.1   1   0   0   1   1   1   1 | TM
VITVvi_vZin03_v1.1_P49.ver1.0.g439460.p01          -          Pkinase              PF00069.31   5.6e-39  129.7   0.7   3.4e-37  123.9   0.2   2.8   2   1   0   2   2   1   1 | TM
VITVvi_vZin03_v1.1_P287.ver1.0.g360850.p01         -          Pkinase              PF00069.31   2.2e-38  127.8   0.0   3.1e-38  127.3   0.0   1.2   1   0   0   1   1   1   1 | SP+TM
VITVvi_vZin03_v1.1_H000464F_001.ver1.0.g194340.p01 -          Pkinase              PF00069.31   2.5e-38  127.6   0.1   1.9e-23   78.8   0.0   2.2   1   1   1   2   2   2   2 | TM
VITVvi_vZin03_v1.1_H000121F_001.ver1.0.g136960.p01 -          Pkinase              PF00069.31   3.1e-38  127.3   0.0   4.6e-38  126.7   0.0   1.1   1   0   0   1   1   1   1 | SP+TM
VITVvi_vZin03_v1.1_P98.ver1.0.g533280.p01          -          Pkinase              PF00069.31   3.1e-38  127.3   0.0   4.6e-38  126.7   0.0   1.1   1   0   0   1   1   1   1 | SP+TM
VITVvi_vZin03_v1.1_P33.ver1.0.g381240.p01          -          Pkinase              PF00069.31   4.2e-38  126.8   0.0   6.4e-38  126.2   0.0   1.2   1   0   0   1   1   1   1 | SP+TM
VITVvi_vZin03_v1.1_P12.ver1.0.g235320.p01          -          Pkinase              PF00069.31   5.3e-38  126.5   0.0   7.7e-38  126.0   0.0   1.1   1   0   0   1   1   1   1 | SP+TM
VITVvi_vZin03_v1.1_P12.ver1.0.g233890.p01          -          Pkinase              PF00069.31     1e-37  125.6   0.0   1.4e-37  125.1   0.0   1.1   1   0   0   1   1   1   1 | SP+TM
VITVvi_vZin03_v1.1_P133.ver1.0.g248720.p01         -          Pkinase              PF00069.31   1.4e-37  125.1   0.0   2.2e-37  124.5   0.0   1.2   1   0   0   1   1   1   1 | SP+TM
VITVvi_vZin03_v1.1_H000050F_004.ver1.0.g089470.p01 -          Pkinase              PF00069.31   1.5e-37  125.0   0.0   2.2e-37  124.5   0.0   1.1   1   0   0   1   1   1   1 | SP+TM
VITVvi_vZin03_v1.1_H000070F_007.ver1.0.g109950.p01 -          Pkinase              PF00069.31   4.3e-37  123.5   0.0   6.3e-37  123.0   0.0   1.2   1   0   0   1   1   1   1 | SP+TM
VITVvi_vZin03_v1.1_P365.ver1.0.g392600.p01         -          Pkinase              PF00069.31   4.5e-37  123.5   0.0   7.1e-37  122.8   0.0   1.2   1   0   0   1   1   1   1 | SP+TM
VITVvi_vZin03_v1.1_H000013F_003.ver1.0.g041000.p01 -          Pkinase              PF00069.31   6.5e-37  122.9   0.0   9.7e-37  122.4   0.0   1.3   1   0   0   1   1   1   1 | SP+TM
VITVvi_vZin03_v1.1_H000046F_010.ver1.0.g081980.p01 -          Pkinase              PF00069.31   2.9e-36  120.8   0.0   4.2e-36  120.3   0.0   1.2   1   0   0   1   1   1   1 | SP+TM
VITVvi_vZin03_v1.1_P50.ver1.0.g446900.p01          -          Pkinase              PF00069.31   6.3e-36  119.7   0.1   3.5e-35  117.3   0.1   1.9   1   1   0   1   1   1   1 | TM
VITVvi_vZin03_v1.1_P31.ver1.0.g374080.p01          -          Pkinase              PF00069.31   6.7e-36  119.6   0.0     9e-36  119.2   0.0   1.1   1   0   0   1   1   1   1 | SP+TM
VITVvi_vZin03_v1.1_H000077F_008.ver1.0.g113160.p01 -          Pkinase              PF00069.31   1.2e-35  118.8   0.0   2.2e-35  117.9   0.0   1.4   1   0   0   1   1   1   1 | SP+TM
VITVvi_vZin03_v1.1_P63.ver1.0.g477680.p01          -          Pkinase              PF00069.31   1.2e-35  118.8   0.0   2.2e-35  117.9   0.0   1.4   1   0   0   1   1   1   1 | SP+TM
VITVvi_vZin03_v1.1_P127.ver1.0.g241480.p01         -          Pkinase              PF00069.31     2e-35  118.1   0.0   2.8e-35  117.6   0.0   1.1   1   0   0   1   1   1   1 | TM
VITVvi_vZin03_v1.1_P26.ver1.0.g346540.p01          -          Pkinase              PF00069.31   2.6e-35  117.7   0.0     4e-35  117.1   0.0   1.2   1   0   0   1   1   1   1 | SP+TM
VITVvi_vZin03_v1.1_P255.ver1.0.g345450.p01         -          Pkinase              PF00069.31   4.2e-35  117.0   0.0     6e-35  116.5   0.0   1.1   1   0   0   1   1   1   1 | SP+TM
VITVvi_vZin03_v1.1_P26.ver1.0.g347440.p01          -          Pkinase              PF00069.31   8.5e-35  116.0   0.0   1.4e-34  115.3   0.0   1.3   1   0   0   1   1   1   1 | SP+TM
VITVvi_vZin03_v1.1_P507.ver1.0.g448150.p01         -          Pkinase              PF00069.31   1.1e-34  115.7   0.0   1.4e-34  115.3   0.0   1.1   1   0   0   1   1   1   1 | SP+TM
VITVvi_vZin03_v1.1_P266.ver1.0.g350340.p01         -          Pkinase              PF00069.31   1.1e-34  115.7   0.0   1.4e-34  115.3   0.0   1.1   1   0   0   1   1   1   1 | SP+TM
VITVvi_vZin03_v1.1_P32.ver1.0.g377360.p01          -          Pkinase              PF00069.31   1.3e-34  115.4   0.0   1.9e-34  114.9   0.0   1.1   1   0   0   1   1   1   1 | TM
VITVvi_vZin03_v1.1_H000125F_002.ver1.0.g138310.p01 -          Pkinase              PF00069.31     2e-34  114.8   0.0   2.7e-34  114.4   0.0   1.1   1   0   0   1   1   1   1 | SP+TM
VITVvi_vZin03_v1.1_H000010F_003.ver1.0.g034000.p01 -          Pkinase              PF00069.31   2.1e-34  114.7   0.0   3.1e-34  114.2   0.0   1.2   1   0   0   1   1   1   1 | SP+TM
VITVvi_vZin03_v1.1_H000707F_001.ver1.0.g197880.p01 -          Pkinase              PF00069.31   2.2e-34  114.7   0.0     3e-34  114.2   0.0   1.1   1   0   0   1   1   1   1 | TM
VITVvi_vZin03_v1.1_P110.ver1.0.g224780.p01         -          Pkinase              PF00069.31   2.5e-34  114.5   0.0   3.4e-34  114.0   0.0   1.1   1   0   0   1   1   1   1 | SP+TM
VITVvi_vZin03_v1.1_P85.ver1.0.g511310.p01          -          Pkinase              PF00069.31   2.8e-34  114.3   0.0     4e-34  113.8   0.0   1.1   1   0   0   1   1   1   1 | TM
VITVvi_vZin03_v1.1_P41.ver1.0.g414090.p01          -          Pkinase              PF00069.31   3.3e-34  114.1   0.0   4.9e-34  113.5   0.0   1.1   1   0   0   1   1   1   1 | SP+TM
VITVvi_vZin03_v1.1_P83.ver1.0.g509400.p01          -          Pkinase              PF00069.31   6.7e-34  113.1   0.0   8.9e-33  109.4   0.0   2.6   2   1   0   2   2   1   1 | SP+TM
VITVvi_vZin03_v1.1_H000055F_002.ver1.0.g095890.p01 -          Pkinase              PF00069.31   6.9e-34  113.0   0.0   1.1e-33  112.3   0.0   1.2   1   0   0   1   1   1   1 | TM
VITVvi_vZin03_v1.1_P9.ver1.0.g525040.p01           -          Pkinase              PF00069.31   9.1e-34  112.6   0.0   1.5e-33  111.9   0.0   1.2   1   0   0   1   1   1   1 | SP+TM
VITVvi_vZin03_v1.1_H000094F_004.ver1.0.g124400.p01 -          Pkinase              PF00069.31   1.2e-33  112.3   0.0   1.8e-33  111.6   0.0   1.2   1   0   0   1   1   1   1 | SP+TM
VITVvi_vZin03_v1.1_P79.ver1.0.g500940.p01          -          Pkinase              PF00069.31   1.2e-33  112.3   0.0   1.8e-33  111.6   0.0   1.2   1   0   0   1   1   1   1 | SP+TM
VITVvi_vZin03_v1.1_H000019F_012.ver1.0.g053440.p01 -          Pkinase              PF00069.31   2.9e-33  111.0   0.0   4.4e-33  110.4   0.0   1.1   1   0   0   1   1   1   1 | SP+TM
VITVvi_vZin03_v1.1_H000001F_021.ver1.0.g004440.p01 -          Pkinase              PF00069.31     5e-33  110.2   0.0   8.3e-33  109.5   0.0   1.2   1   0   0   1   1   1   1 | SP+TM
VITVvi_vZin03_v1.1_P52.ver1.0.g450560.p01          -          Pkinase              PF00069.31   5.1e-33  110.2   0.0   1.7e-24   82.3   0.0   2.2   1   1   1   2   2   2   2 | SP+TM
VITVvi_vZin03_v1.1_H000169F_007.ver1.0.g157590.p01 -          Pkinase              PF00069.31   5.5e-33  110.1   0.0   3.3e-32  107.5   0.0   1.9   1   1   0   1   1   1   1 | SP+TM
VITVvi_vZin03_v1.1_P142.ver1.0.g259020.p01         -          Pkinase              PF00069.31   6.4e-33  109.8   0.0   2.1e-24   81.9   0.0   2.2   1   1   1   2   2   2   2 | SP+TM
VITVvi_vZin03_v1.1_P658.ver1.0.g481500.p01         -          Pkinase              PF00069.31   6.6e-33  109.8   0.1   1.7e-26   88.8   0.0   2.2   1   1   1   2   2   2   2 | TM
VITVvi_vZin03_v1.1_P133.ver1.0.g248510.p01         -          Pkinase              PF00069.31   8.3e-33  109.5   0.0   4.8e-32  107.0   0.0   1.9   1   1   0   1   1   1   1 | SP+TM
VITVvi_vZin03_v1.1_P15.ver1.0.g265320.p01          -          Pkinase              PF00069.31   9.4e-33  109.3   0.0   1.3e-32  108.8   0.0   1.2   1   0   0   1   1   1   1 | TM
VITVvi_vZin03_v1.1_P239.ver1.0.g337260.p01         -          Pkinase              PF00069.31   9.7e-33  109.3   0.0   1.5e-32  108.6   0.0   1.2   1   0   0   1   1   1   1 | SP+TM
VITVvi_vZin03_v1.1_H000052F_006.ver1.0.g090990.p01 -          Pkinase              PF00069.31   1.5e-32  108.7   0.0   2.2e-32  108.1   0.0   1.2   1   0   0   1   1   1   1 | SP+TM
VITVvi_vZin03_v1.1_P117.ver1.0.g231460.p01         -          Pkinase              PF00069.31   2.5e-32  107.9   0.0   3.7e-32  107.3   0.0   1.2   1   0   0   1   1   1   1 | SP+TM
VITVvi_vZin03_v1.1_P273.ver1.0.g354400.p01         -          Pkinase              PF00069.31     3e-32  107.7   0.0   4.3e-32  107.1   0.0   1.2   1   0   0   1   1   1   1 | TM
VITVvi_vZin03_v1.1_P344.ver1.0.g386140.p01         -          Pkinase              PF00069.31   4.1e-32  107.2   0.0   5.9e-32  106.7   0.0   1.1   1   0   0   1   1   1   1 | SP+TM
VITVvi_vZin03_v1.1_H000153F_005.ver1.0.g152810.p01 -          Pkinase              PF00069.31   4.8e-32  107.0   0.0   6.5e-32  106.6   0.0   1.2   1   0   0   1   1   1   1 | SP+TM
VITVvi_vZin03_v1.1_H000568F_002.ver1.0.g196580.p01 -          Pkinase              PF00069.31     6e-32  106.7   0.0   8.5e-32  106.2   0.0   1.1   1   0   0   1   1   1   1 | SP+TM
VITVvi_vZin03_v1.1_P516.ver1.0.g449990.p01         -          Pkinase              PF00069.31   7.3e-32  106.4   0.0   2.8e-31  104.5   0.0   1.8   1   1   0   1   1   1   1 | TM
VITVvi_vZin03_v1.1_P529.ver1.0.g452620.p01         -          Pkinase              PF00069.31   8.5e-32  106.2   0.0   3.5e-31  104.2   0.0   1.8   1   1   0   1   1   1   1 | SP+TM
VITVvi_vZin03_v1.1_H000013F_002.ver1.0.g040820.p01 -          Pkinase              PF00069.31   1.1e-31  105.8   0.0   8.1e-30   99.7   0.0   2.2   1   1   0   1   1   1   1 | TM
VITVvi_vZin03_v1.1_P15.ver1.0.g265280.p01          -          Pkinase              PF00069.31   1.2e-31  105.7   0.0   1.7e-31  105.2   0.0   1.2   1   0   0   1   1   1   1 | SP+TM
VITVvi_vZin03_v1.1_H000001F_014.ver1.0.g003260.p01 -          Pkinase              PF00069.31   2.2e-31  104.8   0.0   3.9e-31  104.0   0.0   1.3   1   0   0   1   1   1   1 | SP+TM
VITVvi_vZin03_v1.1_P2.ver1.0.g312000.p01           -          Pkinase              PF00069.31   2.2e-31  104.8   0.0   3.9e-31  104.0   0.0   1.3   1   0   0   1   1   1   1 | SP+TM
VITVvi_vZin03_v1.1_P261.ver1.0.g347930.p01         -          Pkinase              PF00069.31     3e-31  104.4   0.0   1.2e-30  102.4   0.0   1.8   1   1   0   1   1   1   1 | SP+TM
VITVvi_vZin03_v1.1_H000464F_001.ver1.0.g194300.p01 -          Pkinase              PF00069.31   3.7e-31  104.1   0.0   5.4e-31  103.5   0.0   1.2   1   0   0   1   1   1   1 | TM
VITVvi_vZin03_v1.1_P14.ver1.0.g254180.p01          -          Pkinase              PF00069.31     8e-31  103.0   0.0   1.2e-30  102.4   0.0   1.2   1   0   0   1   1   1   1 | SP+TM
VITVvi_vZin03_v1.1_H000135F_008.ver1.0.g143140.p01 -          Pkinase              PF00069.31   3.3e-30  101.0   0.0   4.9e-30  100.4   0.0   1.1   1   0   0   1   1   1   1 | SP+TM
VITVvi_vZin03_v1.1_P111.ver1.0.g225050.p01         -          Pkinase              PF00069.31   4.1e-30  100.7   0.0     6e-30  100.1   0.0   1.1   1   0   0   1   1   1   1 | SP+TM
VITVvi_vZin03_v1.1_P677.ver1.0.g484510.p01         -          Pkinase              PF00069.31   4.9e-30  100.4   0.1   1.6e-29   98.7   0.1   1.8   1   1   0   1   1   1   1 | TM
VITVvi_vZin03_v1.1_H000052F_011.ver1.0.g091920.p01 -          Pkinase              PF00069.31     6e-30  100.1   0.0     1e-28   96.1   0.0   2.3   2   1   0   2   2   1   1 | SP+TM
VITVvi_vZin03_v1.1_P498.ver1.0.g441560.p01         -          Pkinase              PF00069.31   2.2e-29   98.3   0.0   3.6e-29   97.6   0.0   1.3   1   0   0   1   1   1   1 | TM
VITVvi_vZin03_v1.1_H000103F_002.ver1.0.g128470.p01 -          Pkinase              PF00069.31   2.9e-29   97.8   0.0   4.1e-29   97.4   0.0   1.1   1   0   0   1   1   1   1 | SP+TM
VITVvi_vZin03_v1.1_P88.ver1.0.g518500.p01          -          Pkinase              PF00069.31   7.3e-29   96.6   0.0     1e-28   96.1   0.0   1.1   1   0   0   1   1   1   1 | TM
VITVvi_vZin03_v1.1_P53.ver1.0.g453660.p01          -          Pkinase              PF00069.31   1.1e-28   96.0   0.0   1.5e-28   95.6   0.0   1.1   1   0   0   1   1   1   1 | SP+TM
VITVvi_vZin03_v1.1_H000153F_001.ver1.0.g152070.p01 -          Pkinase              PF00069.31   1.1e-28   96.0   0.0   1.5e-28   95.6   0.0   1.1   1   0   0   1   1   1   1 | SP+TM
VITVvi_vZin03_v1.1_P440.ver1.0.g426490.p01         -          Pkinase              PF00069.31   1.4e-28   95.6   0.1   2.1e-28   95.0   0.1   1.2   1   0   0   1   1   1   1 | TM
VITVvi_vZin03_v1.1_P265.ver1.0.g349510.p01         -          Pkinase              PF00069.31   1.9e-28   95.2   0.0   2.7e-28   94.7   0.0   1.2   1   0   0   1   1   1   1 | SP+TM
VITVvi_vZin03_v1.1_H000104F_007.ver1.0.g129350.p01 -          Pkinase              PF00069.31     2e-28   95.1   0.0   2.8e-28   94.6   0.0   1.2   1   0   0   1   1   1   1 | SP+TM
VITVvi_vZin03_v1.1_P88.ver1.0.g518050.p01          -          Pkinase              PF00069.31     2e-28   95.1   0.0   2.8e-28   94.6   0.0   1.2   1   0   0   1   1   1   1 | SP+TM
VITVvi_vZin03_v1.1_P37.ver1.0.g393910.p01          -          Pkinase              PF00069.31   2.1e-28   95.0   0.0   2.8e-28   94.6   0.0   1.1   1   0   0   1   1   1   1 | SP+TM
VITVvi_vZin03_v1.1_H000037F_013.ver1.0.g074380.p01 -          Pkinase              PF00069.31   2.2e-28   95.0   0.0     3e-28   94.6   0.0   1.1   1   0   0   1   1   1   1 | SP+TM
VITVvi_vZin03_v1.1_P10.ver1.0.g211750.p01          -          Pkinase              PF00069.31   2.3e-28   94.9   0.0   3.3e-28   94.4   0.0   1.2   1   0   0   1   1   1   1 | SP+TM
VITVvi_vZin03_v1.1_P68.ver1.0.g484920.p01          -          Pkinase              PF00069.31   3.4e-28   94.4   0.0   5.4e-28   93.7   0.0   1.2   1   0   0   1   1   1   1 | SP+TM
VITVvi_vZin03_v1.1_P120.ver1.0.g237090.p01         -          Pkinase              PF00069.31   4.8e-28   93.9   0.0   7.9e-28   93.2   0.0   1.2   1   0   0   1   1   1   1 | SP+TM
VITVvi_vZin03_v1.1_P90.ver1.0.g526360.p01          -          Pkinase              PF00069.31   6.2e-28   93.5   0.0   9.5e-28   92.9   0.0   1.1   1   0   0   1   1   1   1 | SP+TM
VITVvi_vZin03_v1.1_H000092F_001.ver1.0.g122890.p01 -          Pkinase              PF00069.31   6.3e-28   93.5   0.0   9.6e-28   92.9   0.0   1.1   1   0   0   1   1   1   1 | SP+TM
VITVvi_vZin03_v1.1_H000051F_004.ver1.0.g090350.p01 -          Pkinase              PF00069.31   7.4e-27   90.0   0.0   1.1e-26   89.4   0.0   1.1   1   0   0   1   1   1   1 | SP+TM
VITVvi_vZin03_v1.1_P25.ver1.0.g343230.p01          -          Pkinase              PF00069.31   7.5e-27   90.0   0.0   1.1e-26   89.4   0.0   1.1   1   0   0   1   1   1   1 | SP+TM
VITVvi_vZin03_v1.1_P157.ver1.0.g275900.p01         -          Pkinase              PF00069.31   1.8e-26   88.7   0.0   2.7e-26   88.1   0.0   1.2   1   0   0   1   1   1   1 | SP+TM
VITVvi_vZin03_v1.1_P53.ver1.0.g454220.p01          -          Pkinase              PF00069.31   2.6e-26   88.2   0.0     4e-26   87.6   0.0   1.2   1   0   0   1   1   1   1 | SP+TM
VITVvi_vZin03_v1.1_P49.ver1.0.g439310.p01          -          Pkinase              PF00069.31   3.5e-26   87.8   0.0   5.5e-26   87.1   0.0   1.2   1   0   0   1   1   1   1 | SP+TM
VITVvi_vZin03_v1.1_P152.ver1.0.g271120.p01         -          Pkinase              PF00069.31   6.2e-26   86.9   0.0     1e-25   86.3   0.0   1.2   1   0   0   1   1   1   1 | SP+TM
VITVvi_vZin03_v1.1_P31.ver1.0.g374340.p01          -          Pkinase              PF00069.31   7.3e-26   86.7   0.0     1e-25   86.3   0.0   1.1   1   0   0   1   1   1   1 | SP+TM
VITVvi_vZin03_v1.1_P150.ver1.0.g269620.p01         -          Pkinase              PF00069.31   9.7e-26   86.3   0.0   1.6e-25   85.6   0.0   1.3   1   0   0   1   1   1   1 | SP+TM
VITVvi_vZin03_v1.1_P450.ver1.0.g429020.p01         -          Pkinase              PF00069.31   3.3e-25   84.6   0.0     5e-25   84.0   0.0   1.2   1   0   0   1   1   1   1 | SP+TM
VITVvi_vZin03_v1.1_P193.ver1.0.g307010.p01         -          Pkinase              PF00069.31   4.3e-25   84.2   0.0   6.5e-25   83.6   0.0   1.2   1   0   0   1   1   1   1 | SP+TM
VITVvi_vZin03_v1.1_H000012F_015.ver1.0.g039350.p01 -          Pkinase              PF00069.31   8.9e-25   83.2   0.0   1.5e-24   82.4   0.0   1.3   1   0   0   1   1   1   1 | SP+TM
VITVvi_vZin03_v1.1_P2.ver1.0.g312350.p01           -          Pkinase              PF00069.31   9.7e-25   83.0   0.0   3.1e-24   81.4   0.0   1.7   1   1   0   1   1   1   1 | SP+TM
VITVvi_vZin03_v1.1_P13.ver1.0.g243910.p01          -          Pkinase              PF00069.31     1e-24   83.0   0.0   1.7e-24   82.2   0.0   1.3   1   0   0   1   1   1   1 | SP+TM
VITVvi_vZin03_v1.1_H000790F_001.ver1.0.g198410.p01 -          Pkinase              PF00069.31   1.1e-24   82.9   0.0   1.7e-24   82.3   0.0   1.3   1   0   0   1   1   1   1 | TM
VITVvi_vZin03_v1.1_P499.ver1.0.g441670.p01         -          Pkinase              PF00069.31   1.1e-24   82.8   0.0   1.7e-24   82.2   0.0   1.2   1   0   0   1   1   1   1 | SP+TM
VITVvi_vZin03_v1.1_P88.ver1.0.g518590.p01          -          Pkinase              PF00069.31   1.4e-24   82.5   0.0   2.1e-24   81.9   0.0   1.2   1   0   0   1   1   1   1 | SP+TM
VITVvi_vZin03_v1.1_H000040F_001.ver1.0.g075530.p01 -          Pkinase              PF00069.31   1.9e-23   78.8   0.0   3.3e-23   78.0   0.0   1.3   1   0   0   1   1   1   1 | SP+TM
VITVvi_vZin03_v1.1_H000181F_005.ver1.0.g161380.p01 -          Pkinase              PF00069.31   4.1e-23   77.7   0.0   6.6e-23   77.0   0.0   1.3   1   0   0   1   1   1   1 | SP+TM
VITVvi_vZin03_v1.1_P34.ver1.0.g385100.p01          -          Pkinase              PF00069.31   5.9e-23   77.2   0.0   9.9e-23   76.5   0.0   1.3   1   0   0   1   1   1   1 | SP+TM
VITVvi_vZin03_v1.1_P32.ver1.0.g377930.p01          -          Pkinase              PF00069.31   1.1e-22   76.3   0.0   1.7e-22   75.7   0.0   1.2   1   0   0   1   1   1   1 | SP+TM
VITVvi_vZin03_v1.1_H000031F_003.ver1.0.g067950.p01 -          Pkinase              PF00069.31   1.1e-22   76.3   0.0   1.7e-22   75.7   0.0   1.2   1   0   0   1   1   1   1 | SP+TM
VITVvi_vZin03_v1.1_P3.ver1.0.g364460.p01           -          Pkinase              PF00069.31   2.3e-22   75.2   0.0   3.5e-22   74.7   0.0   1.2   1   0   0   1   1   1   1 | SP+TM
VITVvi_vZin03_v1.1_P254.ver1.0.g345140.p01         -          Pkinase              PF00069.31   5.7e-22   74.0   0.0   8.5e-22   73.4   0.0   1.2   1   0   0   1   1   1   1 | SP+TM
VITVvi_vZin03_v1.1_P677.ver1.0.g484580.p01         -          Pkinase              PF00069.31   1.9e-20   69.0   0.7   2.2e-11   39.2   0.2   2.2   1   1   1   2   2   2   2 | TM
VITVvi_vZin03_v1.1_P22.ver1.0.g325350.p01          -          Pkinase              PF00069.31   4.5e-20   67.7   0.0   3.1e-13   45.3   0.0   2.2   1   1   1   2   2   2   2 | SP+TM
VITVvi_vZin03_v1.1_H000019F_008.ver1.0.g052080.p01 -          Pkinase              PF00069.31   6.2e-20   67.3   0.0   4.7e-13   44.7   0.0   2.2   1   1   1   2   2   2   2 | SP+TM
VITVvi_vZin03_v1.1_P30.ver1.0.g370750.p01          -          Pkinase              PF00069.31   7.3e-20   67.1   0.0     1e-19   66.6   0.0   1.1   1   0   0   1   1   1   1 | SP+TM
VITVvi_vZin03_v1.1_H000092F_008.ver1.0.g123550.p01 -          Pkinase              PF00069.31   1.2e-19   66.4   0.0   1.9e-19   65.7   0.0   1.3   1   0   0   1   1   1   1 | SP+TM
VITVvi_vZin03_v1.1_H000087F_005.ver1.0.g120530.p01 -          Pkinase              PF00069.31   1.2e-19   66.3   0.0     2e-19   65.6   0.0   1.3   1   0   0   1   1   1   1 | SP+TM
VITVvi_vZin03_v1.1_P83.ver1.0.g509080.p01          -          Pkinase              PF00069.31   1.2e-19   66.3   0.0     2e-19   65.6   0.0   1.3   1   0   0   1   1   1   1 | SP+TM
VITVvi_vZin03_v1.1_H000165F_007.ver1.0.g156210.p01 -          Pkinase              PF00069.31   2.8e-18   61.9   0.0   4.3e-18   61.3   0.0   1.2   1   0   0   1   1   1   1 | SP+TM
VITVvi_vZin03_v1.1_P131.ver1.0.g246520.p01         -          Pkinase              PF00069.31   2.8e-18   61.9   0.0   4.3e-18   61.3   0.0   1.2   1   0   0   1   1   1   1 | SP+TM
VITVvi_vZin03_v1.1_H000062F_009.ver1.0.g103540.p01 -          Pkinase              PF00069.31   3.1e-18   61.7   0.0   1.1e-17   59.9   0.0   1.9   1   1   0   1   1   1   1 | SP+TM
VITVvi_vZin03_v1.1_P53.ver1.0.g456450.p01          -          Pkinase              PF00069.31   3.2e-18   61.7   0.0   1.2e-17   59.8   0.0   1.9   1   1   0   1   1   1   1 | TM
VITVvi_vZin03_v1.1_H000048F_010.ver1.0.g086610.p01 -          Pkinase              PF00069.31   7.8e-18   60.4   0.0   1.3e-17   59.7   0.0   1.3   1   0   0   1   1   1   1 | SP+TM
VITVvi_vZin03_v1.1_P41.ver1.0.g416750.p01          -          Pkinase              PF00069.31   7.8e-18   60.4   0.0   1.3e-17   59.7   0.0   1.3   1   0   0   1   1   1   1 | SP+TM
VITVvi_vZin03_v1.1_P49.ver1.0.g439860.p01          -          Pkinase              PF00069.31   8.5e-18   60.3   0.4   1.5e-17   59.5   0.4   1.3   1   0   0   1   1   1   1 | SP+TM
VITVvi_vZin03_v1.1_H000057F_007.ver1.0.g098700.p01 -          Pkinase              PF00069.31   8.5e-18   60.3   0.4   1.5e-17   59.5   0.4   1.3   1   0   0   1   1   1   1 | SP+TM
VITVvi_vZin03_v1.1_P155.ver1.0.g273930.p01         -          Pkinase              PF00069.31   8.6e-18   60.3   0.0   1.3e-13   46.5   0.0   3.1   1   1   1   2   2   2   2 | SP+TM
VITVvi_vZin03_v1.1_H000183F_001.ver1.0.g162680.p01 -          Pkinase              PF00069.31   1.3e-17   59.7   0.0   1.4e-13   46.4   0.0   3.0   1   1   1   2   2   2   2 | SP+TM
VITVvi_vZin03_v1.1_H000183F_001.ver1.0.g162640.p01 -          Pkinase              PF00069.31   2.8e-17   58.6   0.0   6.7e-17   57.3   0.0   1.5   1   1   0   1   1   1   1 | SP+TM
VITVvi_vZin03_v1.1_P4.ver1.0.g408120.p01           -          Pkinase              PF00069.31   2.9e-17   58.5   0.0     4e-17   58.1   0.0   1.1   1   0   0   1   1   1   1 | SP+TM
VITVvi_vZin03_v1.1_H000183F_003.ver1.0.g162960.p01 -          Pkinase              PF00069.31   2.9e-17   58.5   0.0   6.7e-17   57.3   0.0   1.5   1   1   0   1   1   1   1 | SP+TM
VITVvi_vZin03_v1.1_H000197F_003.ver1.0.g166280.p01 -          Pkinase              PF00069.31   2.3e-15   52.3   0.0   3.6e-15   51.7   0.0   1.2   1   0   0   1   1   1   1 | TM
VITVvi_vZin03_v1.1_P595.ver1.0.g468130.p01         -          Pkinase              PF00069.31     5e-15   51.2   0.0     8e-15   50.5   0.0   1.2   1   0   0   1   1   1   1 | TM
VITVvi_vZin03_v1.1_P206.ver1.0.g318700.p01         -          Pkinase              PF00069.31   1.3e-14   49.9   0.0   1.7e-14   49.5   0.0   1.1   1   0   0   1   1   1   1 | SP+TM
VITVvi_vZin03_v1.1_P64.ver1.0.g480270.p01          -          Pkinase              PF00069.31   1.8e-14   49.4   0.0   2.6e-14   48.8   0.0   1.2   1   0   0   1   1   1   1 | SP+TM
VITVvi_vZin03_v1.1_P407.ver1.0.g413240.p01         -          Pkinase              PF00069.31   3.2e-14   48.6   0.0   4.7e-14   48.0   0.0   1.3   1   0   0   1   1   1   1 | TM
VITVvi_vZin03_v1.1_P269.ver1.0.g350920.p01         -          Pkinase              PF00069.31   3.5e-14   48.4   0.0     5e-14   47.9   0.0   1.2   1   0   0   1   1   1   1 | TM
VITVvi_vZin03_v1.1_P58.ver1.0.g464850.p01          -          Pkinase              PF00069.31   4.3e-14   48.1   0.0   9.8e-14   47.0   0.0   1.5   2   0   0   2   2   1   1 | SP+TM
VITVvi_vZin03_v1.1_P221.ver1.0.g328430.p01         -          Pkinase              PF00069.31   3.3e-11   38.7   0.0   4.9e-11   38.1   0.0   1.1   1   0   0   1   1   1   1 | SP+TM
VITVvi_vZin03_v1.1_P26.ver1.0.g346160.p01          -          Pkinase              PF00069.31   7.9e-11   37.4   0.0   1.2e-10   36.9   0.0   1.1   1   0   0   1   1   1   1 | SP+TM
VITVvi_vZin03_v1.1_P101.ver1.0.g213750.p01         -          Pkinase              PF00069.31   2.8e-10   35.6   0.0   4.6e-10   34.9   0.0   1.2   1   0   0   1   1   1   1 | SP+TM
VITVvi_vZin03_v1.1_P44.ver1.0.g425870.p01          -          Pkinase              PF00069.31   1.1e-09   33.7   0.0   2.7e-09   32.4   0.0   1.5   1   1   1   2   2   1   1 | SP+TM
VITVvi_vZin03_v1.1_P492.ver1.0.g441250.p01         -          Pkinase              PF00069.31   5.7e-09   31.3   0.0   1.4e-08   30.1   0.0   1.5   1   1   1   2   2   1   1 | SP+TM
VITVvi_vZin03_v1.1_P8.ver1.0.g501500.p01           -          Pkinase              PF00069.31   3.9e-07   25.3   0.2   1.1e-05   20.5   0.0   2.2   2   0   0   2   2   1   1 | SP+TM
VITVvi_vZin03_v1.1_P254.ver1.0.g345160.p01         -          Pkinase              PF00069.31   3.3e-06   22.3   0.0   4.5e-06   21.9   0.0   1.2   1   0   0   1   1   1   1 | TM
VITVvi_vZin03_v1.1_H000024F_012.ver1.0.g059310.p01 -          Pkinase              PF00069.31   1.2e-05   20.5   0.0   1.6e-05   20.0   0.0   1.2   1   0   0   1   1   1   1 | SP+TM
VITVvi_vZin03_v1.1_H000013F_002.ver1.0.g040860.p01 -          Pkinase              PF00069.31   0.00037   15.6   0.0   0.00088   14.3   0.0   1.6   2   0   0   2   2   1   1 | TM
VITVvi_vZin03_v1.1_P35.ver1.0.g387690.p01          -          Pkinase              PF00069.31   0.00069   14.7   0.0    0.0018   13.3   0.0   1.7   2   0   0   2   2   1   1 | SP+TM
VITVvi_vZin03_v1.1_H000208F_004.ver1.0.g170000.p01 -          Pkinase              PF00069.31    0.0013   13.8   0.0    0.0019   13.2   0.0   1.2   1   0   0   1   1   1   1 | TM
VITVvi_vZin03_v1.1_H000013F_002.ver1.0.g040840.p01 -          Pkinase              PF00069.31    0.0017   13.4   0.0    0.0037   12.3   0.0   1.6   1   0   0   1   1   1   1 | TM
VITVvi_vZin03_v1.1_P14.ver1.0.g255960.p01          -          Pkinase              PF00069.31    0.0017   13.4   0.0    0.0037   12.3   0.0   1.6   1   0   0   1   1   1   1 | TM
VITVvi_vZin03_v1.1_P518.ver1.0.g450220.p01         -          Pkinase              PF00069.31    0.0022   13.0   0.0    0.0033   12.5   0.0   1.2   1   0   0   1   1   1   1 | TM
VITVvi_vZin03_v1.1_H000027F_009.ver1.0.g064000.p01 -          Pkinase              PF00069.31    0.0025   12.9   0.0    0.0034   12.4   0.0   1.2   1   0   0   1   1   1   1 | TM
VITVvi_vZin03_v1.1_H000026F_007.ver1.0.g062370.p01 -          Pkinase              PF00069.31    0.0029   12.6   0.0      0.37    5.8   0.0   2.2   1   1   0   2   2   2   0 | SP+TM
VITVvi_vZin03_v1.1_P224.ver1.0.g329680.p01         -          Pkinase              PF00069.31    0.0033   12.5   0.0    0.0048   11.9   0.0   1.2   1   0   0   1   1   1   1 | TM
VITVvi_vZin03_v1.1_H000286F_002.ver1.0.g184300.p01 -          Pkinase              PF00069.31    0.0043   12.1   0.0    0.0061   11.6   0.0   1.3   1   0   0   1   1   1   1 | TM
#
# Program:         hmmsearch
# Version:         3.4 (Aug 2023)
# Pipeline mode:   SEARCH
# Query file:      04_pfam_models/PF00069.hmm
# Target file:     full_length_lrr_hits.fasta
# Option settings: hmmsearch -A kinase_domain.stk --tblout kinase_domain.txt -E 1 --domE 1 --incE 0.01 --incdomE 0.04 --cpu 8 04_pfam_models/PF00069.hmm full_length_lrr_hits.fasta 
# Current dir:     /Users/briansu/workspace/mamp_prediction_ml/11_grape_analysis/Zinfandel_cl_03
# Date:            Sat May 30 13:19:44 2026
# [ok]
